   0    11.3240    -4.2247    13.6075
   1   -12.0979    16.4659    11.9376
   2    -8.8890    10.7292    -6.5911
   3     5.1548    -0.9041     2.1588
   4    18.0892     0.5360    -5.4086
   5     8.6919     5.4285    16.6478
   6   -19.3480     4.2788   -14.3359
   7    12.1671   -14.5107   -10.2845
   8   -14.8084    -3.9622   -13.7328
   9   -11.2697    19.9570   -15.6476
  10     4.5056    13.5645     0.5173
  11     0.9715     5.5021    -8.1587
  12    -8.2993    18.9110    -0.2567
  13    10.7966     1.0698    10.8543
  14    -8.6674    15.6612    -3.9909
  15    16.7611    12.3090    -5.9017
  16     1.0398    17.9731   -17.2098
  17     6.5291   -12.3114   -16.5578
  18   -17.4331    -6.0443    15.6093
  19   -17.4762    -1.6919   -19.1991
  20    16.0883    18.8254   -10.4688
  21     1.5904    -9.3334    14.0368
  22     0.5014    10.4099    -4.9917
  23   -18.4288     1.2643     6.7090
  24    17.2324    17.2734    -2.4945
  25     9.5414    -8.6283     8.8381
  26     7.5145    -5.8381     5.5992
  27    15.2030    -2.3958   -13.3610
  28   -10.8413    -6.7865    13.1680
  29     7.4668    -5.9856    15.7349
  30     6.2922     3.5456    18.2587
  31    16.9588    -2.4176    14.3471
  32     7.3687    12.5907    -4.0625
  33   -11.3670    -0.7004    16.4389
  34   -14.0936    16.8051    18.0101
  35    -2.7219     5.6432    15.2425
  36    11.4401    -8.7576     4.7839
  37   -10.9557    -2.1187    -7.7017
  38     2.2578    -8.9506   -12.4987
  39    16.2722   -13.2157    -3.3399
  40    -0.1822   -14.9570   -15.8732
  41    17.4002    19.3901    10.4190
  42     9.9908    -4.6725     7.3778
  43   -10.7095    -8.2336    -5.2535
  44   -13.9044   -10.2235     3.3795
  45    11.7388   -14.9810     9.2859
  46   -17.0188     9.8029   -13.4359
  47     0.8625   -17.8988    18.0042
  48    11.9119   -10.3975   -12.9516
  49    18.6962     6.2625     9.3062
  50   -16.2608    10.3894     5.5783
  51   -16.8707     0.8084   -14.6039
  52    -1.5432   -11.8138   -17.2037
  53    10.2232     2.9327    12.7871
  54    19.9997   -13.6877   -17.9224
  55   -14.9813    15.5982   -11.8269
  56    14.8216   -17.8377    19.9120
  57    16.9228   -19.8335   -17.1068
  58   -13.4747   -12.7851     3.7557
  59    12.7878    16.5211    -4.3324
  60     3.1772     2.0994    -5.6362
  61   -16.0144     7.4955    -1.8970
  62    -7.8282    10.2918     1.2323
  63    15.1046     3.0788    19.6891
  64   -18.5832     5.1564     9.9124
  65    17.0151    13.3295     9.9121
  66    19.1774    13.2415    14.9309
  67    19.3438    16.1347     9.7524
  68   -13.4413    -0.1097     6.6752
  69   -16.9202    15.5580    13.2005
  70     5.1792   -10.0782     5.9883
  71    -7.3253     8.0248   -10.8345
  72   -17.0336   -10.7429    -6.8489
  73     6.0453   -11.0537     5.3229
  74    -8.7983    18.8586     0.4274
  75   -15.4688     8.7707     1.8443
  76    17.7727     3.7016    -1.1407
  77    13.9074    -6.5460    -1.9633
  78    -6.2023   -19.8707    -2.6195
  79   -10.6443    13.3297     3.9393
  80    -0.7226    -0.6820     7.0190
  81   -12.6978     8.4835    -7.8018
  82    -3.4407   -18.3654     4.8729
  83     5.5056     6.9575     7.8394
  84     4.3642   -12.6151    -6.1154
  85    -6.8650     9.2292     5.0863
  86    16.8366   -11.9115     9.6175
  87    -9.7094     6.1252     7.3903
  88    -9.5801   -16.4943     1.2976
  89   -16.2504     7.4450    15.0954
  90     3.0676    -5.5360   -15.5490
  91    -8.4489     6.6623     3.7285
  92    -6.8143    -8.4648    11.0307
  93   -19.8569    19.3745   -12.4100
  94   -12.4720    -6.7408    13.0956
  95    16.7572    18.3455    -2.5401
  96   -15.1543     7.9630    10.5949
  97    10.9709    -4.6467     7.4314
  98    14.4767    16.6509    17.7221
  99     1.9217    11.7463   -11.8581
 100    16.3857    16.1973    -8.1085
 101     3.0480    -0.0742    14.9592
 102    14.5832    -9.0436   -13.4897
 103    13.9577    -1.4535    -0.3040
 104   -12.7832    -8.3579    -0.1609
 105   -14.4377     9.1020     7.3671
 106    13.5253    -0.3031     4.1244
 107   -11.1214   -12.8717     8.9701
 108   -14.4705   -15.1496    -0.0590
 109    17.2758    -7.0077    -5.5823
 110    13.4731     4.8838    16.3394
 111    -6.6011    -0.1570    12.7251
 112     4.3553     6.3532    -4.2269
 113   -17.0982   -13.9508    -9.6438
 114    -5.4561     5.8883   -15.6861
 115   -16.3541    -6.7446    -8.4692
 116     3.3428    17.3798    -2.9069
 117    10.4711     6.3499    -9.3815
 118    15.3215   -13.7091    -0.5029
 119   -11.6863     0.7086     5.0266
 120    13.1976    -2.9520     2.3024
 121    -6.9595   -10.2269    -4.2245
 122    19.3938     5.5462     9.1744
 123   -14.5570    15.9024    -6.4703
 124    11.3313   -19.7837    -3.5685
 125   -15.4133    -8.2529    10.9754
 126   -18.0335     8.8402    14.6214
 127     8.3164    19.4587    -2.0358
 128    14.6072    -1.0442   -11.5647
 129    -4.6842   -16.0176   -16.2432
 130    12.3638     6.2848    -7.9295
 131   -17.8631   -17.9397   -14.7319
 132     7.6831    11.2347    -1.6914
 133     3.5855   -15.2355    -2.2976
 134     3.8018     1.1960     3.1454
 135    15.5489    -7.8286    -5.5233
 136     4.3892   -13.2072    -0.9366
 137     3.8478     4.7570     1.0299
 138   -17.1964    13.1923   -10.6538
 139   -13.2140    16.9491   -16.0465
 140    13.0708   -10.9804    -0.7307
 141    15.1311    -5.7123    -8.3669
 142     6.3658    12.5963    -6.2300
 143    11.1303    -9.7012   -18.5469
 144    -7.6737    13.4441     5.0386
 145     4.4977   -12.0792   -11.1596
 146    11.2905     6.9842   -15.6107
 147    -3.9525   -11.9859     8.7785
 148   -10.7602    -2.6397    -7.3737
 149   -13.8110     1.3138    -4.5701
 150    -4.7914   -19.4168     2.2159
 151     9.4963    -7.7837    -4.7133
 152     2.0927     5.9864    -9.5822
 153    12.3914     7.4395    16.7836
 154     5.8356    -7.5220     7.9139
 155    13.7564     1.3184   -19.7598
 156     0.7406     5.7077     4.7379
 157     8.7547    -5.5138    -3.9716
 158   -13.8850     7.1125    12.0759
 159     7.4289   -17.4576   -18.6843
 160     8.0120     4.7583   -12.4953
 161   -19.7716   -19.9550     2.7132
 162     6.2147    -9.5372    -7.7904
 163    -6.3458   -12.7536    14.3022
 164     6.1322    15.1604     6.6936
 165   -12.5494    15.4006    -7.4708
 166    13.1583     0.1384   -13.7144
 167   -12.3555    16.1668     7.0262
 168    14.7570     8.2427    -4.2191
 169    17.2994     9.5584     1.8959
 170     2.0577    17.0630   -10.6752
 171     2.1027    -0.2237    17.3368
 172    12.5655    11.9858    17.5652
 173    19.8120     6.2880     3.7799
 174    14.9724    -7.0183    17.4341
 175    10.3729     5.5108     3.5663
 176    -9.4886    11.7964    11.0169
 177   -13.3218    -1.1774     4.1752
 178    14.9209    14.6034    11.8196
 179     4.4792    -3.5007     6.5766
 180     1.5423     5.8241     3.8760
 181   -18.6815     3.1609   -14.0663
 182    13.3044     0.7260     8.0364
 183    -0.4076   -15.4941     0.6020
 184    12.5741   -18.0600     0.4140
 185    -1.9151     5.5063    -4.6137
 186   -10.1187    -3.4769   -14.2407
 187     8.7039   -19.3017    -3.7293
 188     3.3073    12.5179     2.9488
 189    19.8066    -0.9055    -2.1303
 190     5.6307   -17.0296   -17.6511
 191   -11.2085   -11.0959     3.8912
 192     9.5175    16.9405     5.2097
 193    14.0235    -2.4575    -1.4859
 194    15.9634    17.9564    18.1065
 195     1.4697    -6.6572    10.6805
 196    17.9928    -0.8980   -11.2346
 197    18.6911    15.3727    -1.3533
 198    11.2090    -1.6784   -12.6494
 199    -9.6966    16.1913    10.6579
 200    -6.7262    18.5402    10.4645
 201     2.1779     2.4314    -3.9048
 202    -0.8816   -12.3589     4.8867
 203    16.6609     6.1552    -5.5958
 204    14.6173     4.2617   -11.5723
 205   -12.0399    -5.0578   -15.6089
 206     7.0622     3.7077     5.8608
 207     2.4349   -17.6456     3.8536
 208   -19.2436   -10.2950     2.5447
 209    16.9477   -19.6371    -6.2463
 210    15.4879    10.8274     4.0571
 211    -2.0807   -13.0774    17.3309
 212     5.5604    11.8093    -0.4912
 213    -8.2844   -13.7865    18.6273
 214    15.9773    -5.3589    15.2882
 215    -9.0805    -0.9678     9.9055
 216    14.6272   -15.1070    17.8656
 217    16.9816     8.7467     4.9278
 218   -13.3134    -8.7086   -12.6374
 219   -12.9504     5.0450   -11.8809
 220    17.8770   -10.8979   -14.9332
 221   -15.2004   -13.5670   -19.4453
 222    16.6088     5.9418    -1.5261
 223   -17.1777     4.5691   -15.9657
 224    -2.5366    -0.1428    -4.2502
 225    16.4956   -10.2373    -8.2729
 226   -18.6113   -12.3716     2.6466
 227    10.1353    12.5561    -2.7263
 228   -18.5733    19.9188    -5.7447
 229     6.4717   -11.9621     0.9419
 230    15.5737    -6.8954     7.9915
 231   -17.9933    -6.3407     5.8685
 232     7.9485    12.1332    10.6680
 233    -7.4824    16.1675     7.2769
 234    12.3748    -8.0827    10.0991
 235   -17.8624     3.6444   -12.4375
 236   -10.2341   -13.7090   -15.9418
 237   -17.6779     3.5647   -14.5532
 238   -17.7591    17.8201    15.5821
 239    -9.7212    -1.2380    17.0088
 240     3.3834   -13.2465     3.4804
 241    17.0427    12.6220    -0.9458
 242     9.1759     3.2900     1.0609
 243     5.3434    -9.4331   -10.9906
 244    17.2607   -19.3340     1.5270
 245     0.9051   -11.7714    -6.0982
 246     7.1962    -7.7133    -3.9606
 247    -9.2391    -2.2664     5.8054
 248   -11.4190    -6.6843     8.1274
 249     7.3430    -9.6755    10.3683
 250    14.0964    13.8049   -19.3529
 251     6.7184    -7.1409     4.0305
 252    -9.9916    13.9200     1.0732
 253     0.5753   -17.0706    -9.7509
 254     1.2413     4.4564    15.5925
 255     9.4699    18.3583    12.8532
 256   -18.2434    -5.6023    -6.2416
 257    -0.5098   -19.7970   -19.0455
 258    12.8058     8.3305    -8.2846
 259   -16.8697    -1.3012     0.2964
 260    16.9352    -0.6541   -12.3607
 261   -10.2057   -16.6236   -18.2642
 262   -16.2857     4.4496     8.4542
 263   -13.3562    14.6988    18.4626
 264    11.1002    10.2913    -0.9621
 265     9.4585     3.1445   -19.7208
 266   -16.1438    16.9029     9.7491
 267   -15.9408    17.8574    11.5057
 268    12.3897   -10.4272    -9.0041
 269    -8.9115     9.8692   -16.1983
 270    10.4345    17.5086   -13.0680
 271    13.8109    19.2443   -16.1327
 272    -1.7394     7.6985    -6.3384
 273    -7.0407     6.1611    -2.6241
 274   -16.7494   -14.8010     4.0197
 275     6.3951   -14.5218    -4.8801
 276     3.2980    15.2273   -15.4216
 277     1.1554     6.7330   -11.5655
 278    10.7282    17.7289    -7.5063
 279     0.5974   -18.4694   -15.1166
 280    -1.8940   -11.5374    -4.0280
 281    -2.6497    -7.6701   -13.5935
 282   -14.9511     5.9915   -19.7826
 283    11.2100   -16.6326    -1.5220
 284    16.4091     7.3871    11.4373
 285   -18.1127   -17.4930    14.6879
 286    17.1146   -12.9147     1.0830
 287     3.8477    -4.4802   -15.6190
 288     1.5765     8.0136     5.5364
 289     3.1071    12.8970    -3.7354
 290    11.5697   -11.1310    16.8620
 291   -16.1004    -4.7245    -5.0320
 292     9.8911    -4.5071    12.3184
 293    13.2585    13.9709    17.3672
 294     0.6455     5.4082     8.5773
 295     3.1525     0.0961     4.9863
 296    10.2378   -18.8210     6.8736
 297   -14.2423   -14.4400     3.9883
 298    13.7712    11.0964   -12.1641
 299     6.6683   -12.6390     9.4125
 300    15.5373   -15.7769    -7.4804
 301    -9.1872    -0.8089   -15.9107
 302     6.3057    -8.4905   -12.0110
 303     0.2766   -11.1233    17.8800
 304   -14.3153    17.4540    11.1385
 305     5.7808     2.4403    -8.2159
 306     6.9598   -10.6861    14.9366
 307    12.5199    13.3022     5.1744
 308     3.6163   -18.8619    10.9320
 309    10.9773    10.5506     4.7033
 310    15.2003   -16.9299    -8.6284
 311    -5.6086   -12.8405   -13.0911
 312     5.9009    -4.8516    -2.2783
 313    14.7776    -6.9715   -15.9726
 314    12.2316   -15.8330     4.3040
 315    -5.3281    -4.0490     9.9888
 316     3.9858    -9.1124    -4.2304
 317    -2.7120    16.0619   -17.2706
 318    -1.5739     6.9940    15.2493
 319   -11.0234    -8.3027    -1.1344
 320    -7.9532     3.0688   -10.1572
 321    -0.7938     9.9777   -14.9568
 322    14.3546   -12.3006    -0.5654
 323   -12.6169    -8.2731   -14.6645
 324    -8.4499    16.0309   -19.8869
 325     7.5011     6.0196    12.3447
 326    18.3887   -18.2108   -12.9835
 327    14.4506   -15.4814    11.0023
 328     1.4446    19.7678   -11.7097
 329    13.1419    -1.3666     6.7163
 330    -3.7893     8.4762    15.6930
 331   -13.8116    13.5194   -12.2603
 332    -6.1121    -7.0459     6.9459
 333     5.6147    -1.7104     1.3006
 334     1.6456    -1.5973     8.6837
 335   -12.3348    -9.2526   -19.7663
 336   -10.5456    -2.2361     7.7348
 337    -6.0270   -11.2338     6.1235
 338    -6.2592    -2.9435     0.5741
 339    12.3742   -16.2272   -17.9813
 340     0.8504    19.4657    15.1605
 341    -5.6301   -12.7945    -8.6288
 342     7.3239    14.1514    -2.4404
 343   -14.3865    -4.5481    11.4475
 344     4.0162   -15.8644    -2.9378
 345    14.7636   -15.6307    18.7078
 346    -7.4725    12.1041   -13.6270
 347     1.2937    -1.7724    -4.1726
 348    18.3501    18.8017     9.8003
 349   -17.8771   -19.1797   -16.4589
 350   -18.4113    15.9808    15.9153
 351   -11.2059   -12.6480    -3.2342
 352   -17.0545     4.9117    11.1356
 353    -1.6025    -3.6409    -1.5404
 354     2.5331    13.4213     4.0731
 355     6.9024    12.1291   -11.9107
 356    -0.9934    18.5020   -17.1471
 357    17.2342    -5.6706    -4.6196
 358    16.0359   -15.8703    16.6740
 359    16.8562   -12.3291    15.0242
 360    12.8370   -16.4138    17.1471
 361   -19.8109     0.3520    18.7358
 362     5.1007    -8.5124   -12.4701
 363   -18.5402     9.9471    -9.5246
 364    14.8811    -5.9798     8.8729
 365     7.0102     2.1095    -8.5940
 366     5.5122     4.9624    18.3084
 367    19.8417   -19.6573    -2.6851
 368   -16.0286    17.0168    -5.4509
 369    -8.3577    12.0410    -9.4150
 370    -4.7715     9.1881   -12.5589
 371    15.5804     7.9239   -19.7218
 372   -12.9320    15.4538   -19.5328
 373    17.0151   -14.0708     5.5679
 374    -8.9646    14.8021     7.0278
 375    13.1449   -13.7919     1.9089
 376    -1.8928   -15.4836   -11.0809
 377    -1.5500     1.8314    14.4314
 378    -4.5332    16.3805    14.2730
 379   -12.4923   -13.0346    18.2444
 380    16.6958    -5.5934   -10.1133
 381     4.6196    -5.3153     5.1152
 382     0.0734    -4.8480     0.6956
 383     6.0026   -19.2801     7.7636
 384     0.8047     7.7477     4.7788
 385     7.0128   -10.3434    15.8141
 386    11.5293    -1.4243     8.9590
 387    -6.6394    -6.9929   -12.9337
 388   -10.2589   -12.7199     5.5162
 389    -3.2935   -14.4755   -19.0170
 390    11.1131    -4.5887   -11.5093
 391   -14.2022   -19.4735   -14.8135
 392     0.9498     1.2221     9.8062
 393     1.6697   -11.0143   -10.1204
 394   -10.5826    13.7645    15.8822
 395    -0.9260     9.5787    -3.3131
 396    17.6497    -1.4623   -16.3003
 397    -9.3432     5.6039    15.2290
 398    -2.0631    -8.8798   -11.4104
 399     3.4615    -7.8968    -1.6693
 400    18.8727     0.5940    15.0373
 401    19.3992     5.7805     6.1504
 402     0.6213    -4.4133    11.9482
 403     9.6070     5.4663    -7.1020
 404     3.3715     1.3485    14.5678
 405    -7.0498    18.0354   -16.0148
 406    11.4879   -18.2648     3.0592
 407    -2.9082    16.9642     0.7089
 408     8.2120   -14.4462    11.3657
 409   -19.6848     3.8845   -10.6974
 410     0.9092    -1.0782    12.7641
 411   -13.3104   -14.9278    11.6368
 412     2.2763    17.0204    11.0360
 413   -12.2574   -10.0815    -8.3427
 414     9.0910   -15.5137   -18.7357
 415     7.1264   -11.5286     4.6358
 416     8.8616    11.5306    17.5860
 417     5.8258    -7.7605     9.0738
 418    11.3796   -16.3948   -13.8343
 419    -4.7359    -7.0922    14.3777
 420    14.1859   -14.3281    14.6929
 421    19.2581    17.3086    -4.3980
 422    16.2786     8.3446     2.2917
 423   -13.8029   -19.9981   -15.4320
 424    -9.3167   -18.7339    -7.6895
 425    -0.8452     5.9019   -18.5984
 426    -9.3146     3.4879     8.5280
 427     2.9249    -7.4383    -2.6104
 428     6.5301    -1.2726   -16.7846
 429    19.4379    -6.8950    14.5949
 430   -14.8903   -12.2021   -10.1410
 431   -17.5816     3.3999   -15.9551
 432    10.7630   -14.3084   -16.6969
 433    10.7649    -9.7405    19.5817
 434    12.0310     2.5701   -14.2213
 435    -2.0671     3.9716    -3.5380
 436   -18.5792    -7.5004    15.6168
 437    -6.0175     9.8892   -13.6978
 438    12.7099    13.1046     9.2271
 439   -14.1851     7.6995    -4.2429
 440    -6.3872    17.5585    -4.8050
 441    17.0127   -18.3965     0.3047
 442   -17.2957   -15.0934     2.7230
 443    -7.0361   -15.5118    -6.5140
 444    15.5339    -9.7331   -15.7491
 445    -0.4944     6.7290    16.2819
 446    12.0052     2.3458    -5.7853
 447     1.8944     8.6480    -4.3645
 448    -5.0010    -2.1250     9.6180
 449   -17.3015    13.6322     2.3279
 450   -19.7430   -11.1729     8.1428
 451   -18.1395     9.1318   -18.2443
 452   -13.2329    -8.1451    18.7684
 453    -8.7447     5.3409   -18.5273
 454     1.5222     9.5918    -5.5634
 455   -11.7488     5.8736   -10.0295
 456    10.5970   -19.9116     9.4760
 457    -0.7550    -4.2761     1.4812
 458    17.1200   -14.6581   -16.6244
 459    10.7522     7.6698    -1.6254
 460    19.5793    -4.1874     1.0731
 461     8.7111    -2.4317     1.3301
 462   -19.4340    -3.6633     3.1906
 463     5.9069    -2.1906     9.9577
 464    -4.5013    12.2459   -18.7870
 465   -18.6277   -17.7836     2.7352
 466   -18.5394    11.6925    10.9864
 467    -2.8155    -6.8263     1.5834
 468     2.5264    -3.4507   -19.1717
 469    -9.8037    14.9239    17.9483
 470     6.0089    -4.0031     8.7005
 471   -16.4228    17.3270     8.2798
 472    -0.0861     0.5177    -3.0091
 473    17.7233    -9.5247    -2.4430
 474     9.9692    -8.3117   -16.5362
 475    12.1856    14.4235    -1.0375
 476     3.8781     5.4098     0.3348
 477    17.0518   -13.0068     1.7954
 478    -6.3990   -12.1785    18.9799
 479   -11.4751   -14.2301     1.5064
 480     4.5218    14.4703    11.7026
 481     1.8489     2.7502    -2.2885
 482   -17.6335    19.7411     1.2887
 483    -7.1581    -2.7019   -18.7974
 484     4.5302     0.7619    18.9259
 485    -1.0464    19.7244     8.8951
 486   -15.6365     0.0592     1.0807
 487    -8.6433   -18.1454   -15.0412
 488    -0.8218   -19.1654   -17.9895
 489     4.9481     2.3409    -4.3884
 490    -0.5816    -5.9564     4.1364
 491   -17.8314    11.7551   -11.3417
 492   -18.0903    -6.9561    10.5072
 493    -0.7923    -5.7535    12.8737
 494    19.9696    -6.8277   -14.2844
 495    19.6941   -17.9326    10.2457
 496    -0.2467     3.1481   -10.8006
 497     1.6079     8.1069    -6.4372
 498     2.4424    10.1174     4.9195
 499   -15.2166   -14.2710   -15.9023
