0 160    -1.5806     0.9867
1 161     0.1214    -1.1306
2 162     2.1246    -0.5900
3 163     0.8017    -2.8114
4 164    -1.8968    -0.5755
5 165  нет корней
6 166    -1.0262     1.0157
9 169  нет корней
7 167    -0.3441     1.6526
8 168    -0.8825     0.3240
10 170    -8.8767     0.5844
12 172  нет корней
11 171  нет корней
13 173  нет корней
14 174  нет корней
15 175  нет корней
16 176    -0.6224     1.8656
17 177     0.5174    -0.6058
18 178  нет корней
19 179  нет корней
20 180    -2.9137    -0.8625
21 181  нет корней
22 182  нет корней
23 183     0.0388   -38.0518
24 184     1.4130     0.0233
25 185  нет корней
26 186  нет корней
28 188    -3.5325    -0.2524
27 187     2.3964    -0.1788
29 189     0.3516    -0.3059
30 190     3.8406    -0.8162
31 191     0.2745    -1.2645
32 192    -1.3846    -0.3953
33 193     0.4247    -0.2495
34 194  нет корней
35 195  нет корней
36 196     0.8155    -0.7656
37 197    -0.9027     0.0802
38 198     1.1398    -0.9901
39 199    -0.5053     2.1751
40 200    -0.4806     3.2370
41 201    -2.0089     0.8925
42 202     0.3848   -14.4036
43 203    -0.7930     0.4235
44 204    -1.0474     0.7559
45 205  нет корней
46 206  нет корней
47 207     7.0216     0.2254
48 208     0.1839    -0.7189
49 209     1.4185    -0.2598
50 210  нет корней
51 211     1.1242    -7.4093
52 212    -2.1646     0.0408
53 213     0.8828    -2.5470
54 214  нет корней
55 215     0.9925    -1.0991
56 216  нет корней
57 217  нет корней
58 218  нет корней
59 219  нет корней
60 220     1.2683    -0.6586
61 221  нет корней
62 222    -0.5308     0.1731
63 223  нет корней
64 224  нет корней
65 225     1.0835    -0.4629
66 226     0.1703    -0.8350
67 227    -1.4273     0.1885
68 228  нет корней
69 229     1.7660     0.0824
70 230  нет корней
71 231     0.4215    -0.7739
72 232  нет корней
73 233    -0.3824     2.5432
74 234  нет корней
75 235  нет корней
76 236  нет корней
77 237  нет корней
78 238    -0.5609     1.5643
79 239     1.2606    -1.3880
80 240     3.6319     0.2832
81 241    -0.8092     0.0686
82 242  нет корней
83 243     2.5667    -0.8014
84 244     1.0346     0.0855
85 245    13.5045    -0.4989
86 246     1.4511    -0.3793
88 248     0.6003    -1.1857
90 250    -1.7596     0.7802
91 251  нет корней
92 252    -0.0732     1.4664
93 253    30.2331    -0.5606
94 254  нет корней
95 255  нет корней
96 256  нет корней
97 257    -0.9871   -37.8457
99 258    -1.1929     0.5423
98 259     0.0995    -0.1766
87 247     0.6795    -0.9248
89 249  нет корней
2 261  нет корней
1 260     0.8739    -0.8352
3 263    -0.7479     1.8484
6 266    -0.4135     1.4605
4 264    -1.0127     0.0856
0 262    -0.5967     0.8699
5 265    -1.6197     1.2873
10 270    -2.2376     0.5597
8 268     1.3715    -0.5299
7 267    -0.4575     1.5777
9 269  нет корней
11 271    -1.9826     0.5892
12 272     1.0935     3.3325
13 273  нет корней
14 274     0.2179    -1.1015
16 276    -5.4717     0.8546
15 275     2.5679    -0.2972
17 277    -7.2148     1.3874
18 278    -2.0020     0.3495
19 279    31.7142    -0.7979
20 280    -0.3718    -5.7197
21 281  нет корней
22 282  нет корней
23 283     1.5702    -0.0865
24 284  нет корней
25 285     0.5389    -1.5047
26 286     0.6585     0.0961
28 288    -4.2585    -0.8247
27 287     2.6794    -1.5150
29 289    -4.4226     0.2718
30 290  нет корней
31 291  нет корней
32 292  нет корней
33 293  нет корней
34 294    -6.2534    -2.1249
35 295  нет корней
36 296     1.3357     0.5026
37 297     0.2259    -1.2398
38 298    -1.4254     0.6197
39 299  нет корней
40 300     1.3675    -0.3521
41 301  нет корней
42 302     2.2088    -0.8623
43 303    38.5370     1.6774
44 304    -0.4626     1.6819
45 305    -1.4218     0.9996
46 306  нет корней
47 307  нет корней
48 308     4.5517     0.6642
49 309  нет корней
50 310     1.4938    -0.3800
51 311  нет корней
52 312     1.1561    -0.3340
53 313     1.3020    -0.8302
54 314     0.9061     0.3883
55 315     1.0410    -1.8009
56 316     2.6820    -0.3957
57 317     1.4118     4.5107
58 318    -1.6025     6.0462
59 319    -0.1793    -0.5739
60 320  нет корней
61 321     1.7398    10.8297
62 322     0.9006    -0.0437
63 323  нет корней
64 324  нет корней
65 325  нет корней
66 326     1.4705    -0.4802
67 327  нет корней
68 328   -14.2527     0.5687
69 329  нет корней
70 330    -1.2037     3.4406
71 331  нет корней
72 332     0.6355    -1.7883
73 333  нет корней
74 334  нет корней
75 335  нет корней
76 336     0.7569    -0.9690
77 337     0.4408    -2.3047
78 338     0.1483    -0.6186
79 339     2.0279    -0.7166
80 340   -22.0827    -0.8073
81 341  нет корней
82 342    -2.0915     0.1593
83 343     0.7479    -1.0640
84 344     4.1273    -0.1772
85 345  нет корней
86 346  нет корней
88 347     2.6071    -1.2371
90 348  нет корней
92 350    -0.5921     1.4600
91 349  нет корней
93 352    -0.6768     0.9648
94 351    -0.3915    -0.7372
95 353    -0.5622    -1.7098
96 354    -4.9752    -0.3232
97 355    -2.4590     0.7017
99 356     0.9781    17.6468
98 357     0.7078    -0.3787
89 359  нет корней
87 358  нет корней
2 362     2.6067    -0.9379
3 361    -0.9636     0.9814
1 360  нет корней
6 363  нет корней
4 364  нет корней
0 365    -1.2679     0.9669
5 366  нет корней
8 367     1.1124    -0.1217
9 369  нет корней
7 368  нет корней
10 370  нет корней
12 371    -1.4078     0.8992
11 372  нет корней
13 373  нет корней
14 374    -0.3850     2.0362
15 375     0.8852     0.1641
16 376    -0.7924    -7.3878
17 377    -2.5172     3.6988
18 379     0.7946    -1.8380
19 378    -0.7256     4.3391
20 380     0.9636    -0.6286
21 381  нет корней
22 382    65.9053     0.1438
23 383     2.7399     0.4720
26 385  нет корней
24 386  нет корней
25 384    -8.9657    -0.6624
28 387  нет корней
27 388     0.3403    -1.5802
29 389  нет корней
30 390     1.2449    -0.8319
31 391  нет корней
32 392  нет корней
33 393     7.4141    -0.8175
34 394    -0.7366     2.0373
35 395     0.3583     9.9859
36 396     1.0033    -0.9205
37 397    -1.0116     1.6113
38 398  нет корней
39 399     2.4761    -0.1948
40 400  нет корней
41 401  нет корней
42 402  нет корней
43 403    -1.1901     0.6211
44 404  нет корней
45 405  нет корней
46 406     1.3997     0.1903
47 407    -0.0415     5.8747
48 408  нет корней
49 409  нет корней
50 410  нет корней
51 411     0.5295    -1.6510
52 412    -6.7600    -0.7172
53 413  нет корней
54 414     2.5233    -0.8168
55 415     0.8701     0.7476
56 416  нет корней
57 417  нет корней
58 418     2.0374    -0.5967
59 419     1.1477    -2.6452
60 420  нет корней
61 421    -1.1054     0.2066
62 422  нет корней
63 423  нет корней
64 424    -0.5747    -1.4361
65 425  нет корней
66 426    -0.7878     1.1622
67 427     2.8556    -0.3125
68 428     1.7036    -1.5087
69 429  нет корней
70 430  нет корней
71 431  нет корней
72 432     2.0765    -0.7471
73 433  нет корней
74 434    -1.1993     0.9856
75 435  нет корней
76 436     0.7369    -1.1406
77 437  нет корней
78 438  нет корней
79 439  нет корней
80 440     0.3082     2.4408
81 441     1.0645     0.0168
82 442     0.1534    -1.0261
83 443    -0.5645    -1.6401
84 444     1.3678    -0.7412
85 445    -2.0967    15.7071
86 446    -0.7987     0.6033
88 447    -5.0236     0.4586
90 448     1.1905    -1.6154
92 450     0.4188    -0.9847
91 449    -0.1443     0.9322
93 452     0.9223    -1.5378
94 451  нет корней
95 453  нет корней
96 454    -6.8359     0.5347
97 455  нет корней
99 456  нет корней
98 457     0.3275    -5.9912
87 458     1.5025    -0.6463
89 459    -0.8843     0.1710
1 461  нет корней
2 462     0.3218    -0.5103
3 460  нет корней
6 463  нет корней
4 464  нет корней
0 465     0.1348    -1.0895
5 466    -0.5165     1.1472
10 470  нет корней
8 468     3.5211    -2.1552
9 467     0.2132    -2.6377
7 469    -0.7913     2.3136
12 472  нет корней
11 471    -0.3570     1.4121
13 473     0.7270    -0.1896
14 474     1.7706    -0.9368
16 476    -1.3301    -0.0649
17 477     0.5818     0.1810
15 475    -1.2517     0.0680
18 479     0.0981    -1.3382
19 478     1.0160    -2.9192
20 480  нет корней
21 481    -2.0820     0.5945
22 482    -0.0619     1.1814
23 483  нет корней
26 486    -0.2610     0.2648
25 485    -0.4407    19.2904
24 484  нет корней
27 487  нет корней
28 488    -0.9798   -22.3414
29 489    -1.2075     0.7345
30 490     0.6528   -10.8942
31 491  нет корней
32 492     0.5937    -0.9783
33 493     1.7942    -9.0560
34 494     1.0338    -0.6919
35 495  нет корней
36 496  нет корней
37 497    -5.7395     0.6975
38 498    -3.5797    -0.5627
39 499  нет корней
41 0  нет корней
42 1    -0.5236     1.8846
43 2  нет корней
44 3  нет корней
45 4    -0.5618     0.5322
46 5  нет корней
47 6  нет корней
48 7     1.6921    -0.4995
49 8  нет корней
50 9  нет корней
51 10    -2.9720    -0.0386
52 11    -6.8835     1.2200
53 12     0.0137     2.2650
54 13  нет корней
55 14     0.3070     1.4999
56 15    -1.0650     0.3306
57 16   -18.1948     0.9097
58 17     2.7935    -0.9078
59 18     0.7886    -1.1354
60 19  нет корней
61 20    -1.5816     0.4114
62 21  нет корней
63 22   -21.2306     0.4689
64 23    -0.5700     0.6386
65 24    -1.1304     0.1281
66 25  нет корней
67 26  нет корней
68 27     1.0196    -0.8620
69 28     0.8327    -1.4587
70 29  нет корней
71 30  нет корней
72 31  нет корней
73 32    -1.9862     0.2776
74 33     1.1722    -1.2338
75 34    -0.6818     1.8742
76 35    -1.5469     3.6201
77 36  нет корней
78 37  нет корней
79 38     5.0586    -1.0943
80 39     1.0145    -0.2023
81 40    -1.0753   -81.0158
82 41  нет корней
83 42  нет корней
84 43  нет корней
85 44     0.2474    -0.9826
86 45  нет корней
88 46  нет корней
90 47    19.6922     1.0600
92 49  нет корней
91 48     1.5668    -0.6939
93 51  нет корней
94 50    -0.3477     0.9866
95 52    -1.9560    -5.6994
96 53  нет корней
97 54     1.3488    -0.6644
99 55  нет корней
98 56  нет корней
89 57     1.7497    -0.5777
87 58     0.2354    -1.1842
6 61  нет корней
2 59    -1.5155     0.2236
3 60    -1.7026     1.0419
1 62    -0.1105     1.4252
4 63  нет корней
0 64    -0.6047     0.8821
5 65  нет корней
8 66  нет корней
9 67  нет корней
7 69    -0.5360     1.4555
10 68     0.7006    -0.7088
12 71  нет корней
11 70  нет корней
13 72  нет корней
14 73  нет корней
16 75    -0.1633     0.7303
17 74    -0.0224     2.1659
15 76    -0.3780     0.1698
19 78    -0.1378    -3.0660
18 77     0.6787    -0.2080
20 79    -0.2469     1.4991
21 80     2.6803    -3.6241
22 81  нет корней
23 82     0.2533    -5.5910
26 83  нет корней
24 84     3.3135    -0.4229
25 85    -0.4199     1.7643
27 86  нет корней
28 87    -0.6123     1.2431
29 88     0.0754    -1.7971
30 89    -0.7616     1.2197
31 90     3.3278    -1.5232
32 91    -0.3782     1.1668
33 92     0.7947    -2.0369
34 93  нет корней
35 94     0.7895    -1.3300
36 95    -1.2191     0.1243
37 96    -0.6137     1.1392
38 97  нет корней
39 98  нет корней
41 99    -6.9946     0.8822
42 100    -1.3540     0.3655
43 101  нет корней
44 102     1.3206    -0.7005
46 103     0.2086    -0.1044
45 104    -0.0199    -0.6340
47 105    -0.4656     1.0960
48 106  нет корней
49 107     0.4897    -1.6471
50 108    -0.0039    -1.0430
51 109     0.8064    -0.4007
52 110  нет корней
53 111     1.3766    -1.4004
54 112    -1.9551     0.4964
55 113  нет корней
56 114  нет корней
57 115  нет корней
58 116    -5.3614     0.1622
59 117    -1.2971     0.6907
60 118     0.9301    -0.0353
61 119    -0.6262     0.6869
62 120  нет корней
63 121  нет корней
64 122  нет корней
65 123  нет корней
66 124     1.9108    -0.1648
67 125     0.6176    -1.1530
68 126    -0.6881     1.1783
69 127    -2.4401     0.1003
70 128     0.9262    -0.8548
71 129  нет корней
72 130    -1.0944     0.5860
73 131  нет корней
74 132    -1.5999     0.1376
75 133     4.3950    -0.1458
76 134  нет корней
77 135     0.8987    -0.3952
78 136     3.0783    -0.0693
79 137    -0.9564    -0.2798
80 138  нет корней
81 139  нет корней
82 140     0.9020    -0.0620
83 141     0.9560    -0.5784
84 142    -2.3885     0.4097
85 143     1.7982    -0.9266
86 144    -0.3173     2.0693
88 145     3.4127    -0.7270
90 146    -1.5252     0.9066
91 148  нет корней
92 147     0.6098    -3.6423
93 149  нет корней
94 150     0.1111    -4.1635
95 151     1.2249    -0.4052
96 152    -4.0041     1.1435
97 153  нет корней
99 154  нет корней
98 155    -1.2474     1.1515
89 156    -6.7606    -0.9463
87 157     1.0584    -0.4286
6 161     0.1214    -1.1306
3 159     3.1487    -0.7988
0 163     0.8017    -2.8114
1 160    -1.5806     0.9867
4 162     2.1246    -0.5900
2 158    -0.7110     1.2232
5 164    -1.8968    -0.5755
7 167    -0.3441     1.6526
9 166    -1.0262     1.0157
10 168    -0.8825     0.3240
8 165  нет корней
11 169  нет корней
13 171  нет корней
14 172  нет корней
12 170    -8.8767     0.5844
15 175  нет корней
16 174  нет корней
17 173  нет корней
19 177     0.5174    -0.6058
18 176    -0.6224     1.8656
20 178  нет корней
21 179  нет корней
22 180    -2.9137    -0.8625
23 181  нет корней
25 183     0.0388   -38.0518
24 184     1.4130     0.0233
26 182  нет корней
28 186  нет корней
27 185  нет корней
29 187     2.3964    -0.1788
30 188    -3.5325    -0.2524
31 189     0.3516    -0.3059
32 190     3.8406    -0.8162
33 191     0.2745    -1.2645
34 192    -1.3846    -0.3953
35 193     0.4247    -0.2495
36 194  нет корней
37 195  нет корней
38 196     0.8155    -0.7656
39 197    -0.9027     0.0802
41 198     1.1398    -0.9901
42 199    -0.5053     2.1751
43 200    -0.4806     3.2370
44 201    -2.0089     0.8925
45 202     0.3848   -14.4036
46 203    -0.7930     0.4235
47 204    -1.0474     0.7559
49 205  нет корней
48 206  нет корней
50 207     7.0216     0.2254
51 208     0.1839    -0.7189
52 209     1.4185    -0.2598
53 210  нет корней
54 211     1.1242    -7.4093
55 212    -2.1646     0.0408
56 213     0.8828    -2.5470
57 214  нет корней
58 215     0.9925    -1.0991
59 216  нет корней
60 217  нет корней
61 218  нет корней
62 219  нет корней
63 220     1.2683    -0.6586
64 221  нет корней
65 222    -0.5308     0.1731
66 223  нет корней
67 224  нет корней
68 225     1.0835    -0.4629
69 226     0.1703    -0.8350
70 227    -1.4273     0.1885
71 228  нет корней
72 229     1.7660     0.0824
73 230  нет корней
74 231     0.4215    -0.7739
75 232  нет корней
76 233    -0.3824     2.5432
77 234  нет корней
78 235  нет корней
79 236  нет корней
80 237  нет корней
81 238    -0.5609     1.5643
82 239     1.2606    -1.3880
83 240     3.6319     0.2832
84 241    -0.8092     0.0686
85 242  нет корней
86 243     2.5667    -0.8014
88 244     1.0346     0.0855
90 245    13.5045    -0.4989
92 247     0.6795    -0.9248
91 246     1.4511    -0.3793
93 248     0.6003    -1.1857
94 249  нет корней
95 250    -1.7596     0.7802
96 251  нет корней
97 252    -0.0732     1.4664
99 253    30.2331    -0.5606
98 254  нет корней
89 255  нет корней
87 256  нет корней
6 258    -1.1929     0.5423
3 257    -0.9871   -37.8457
1 260     0.8739    -0.8352
0 259     0.0995    -0.1766
4 261  нет корней
2 262    -0.5967     0.8699
5 263    -0.7479     1.8484
10 265    -1.6197     1.2873
9 264    -1.0127     0.0856
7 267    -0.4575     1.5777
8 266    -0.4135     1.4605
14 269  нет корней
13 268     1.3715    -0.5299
12 270    -2.2376     0.5597
11 271    -1.9826     0.5892
16 272     1.0935     3.3325
17 273  нет корней
15 274     0.2179    -1.1015
18 275     2.5679    -0.2972
19 277    -7.2148     1.3874
20 276    -5.4717     0.8546
21 278    -2.0020     0.3495
22 279    31.7142    -0.7979
23 280    -0.3718    -5.7197
25 283     1.5702    -0.0865
26 282  нет корней
24 281  нет корней
28 286     0.6585     0.0961
27 284  нет корней
30 287     2.6794    -1.5150
29 285     0.5389    -1.5047
32 289    -4.4226     0.2718
31 288    -4.2585    -0.8247
33 290  нет корней
34 291  нет корней
35 292  нет корней
36 293  нет корней
37 294    -6.2534    -2.1249
38 295  нет корней
39 296     1.3357     0.5026
41 297     0.2259    -1.2398
42 298    -1.4254     0.6197
43 299  нет корней
44 300     1.3675    -0.3521
45 302     2.2088    -0.8623
46 301  нет корней
47 303    38.5370     1.6774
49 304    -0.4626     1.6819
48 305    -1.4218     0.9996
50 306  нет корней
51 307  нет корней
52 308     4.5517     0.6642
53 309  нет корней
54 310     1.4938    -0.3800
55 311  нет корней
56 312     1.1561    -0.3340
57 313     1.3020    -0.8302
58 314     0.9061     0.3883
59 315     1.0410    -1.8009
60 316     2.6820    -0.3957
61 317     1.4118     4.5107
62 318    -1.6025     6.0462
63 319    -0.1793    -0.5739
64 320  нет корней
65 321     1.7398    10.8297
66 322     0.9006    -0.0437
67 323  нет корней
68 324  нет корней
69 325  нет корней
70 326     1.4705    -0.4802
71 327  нет корней
72 328   -14.2527     0.5687
73 329  нет корней
74 330    -1.2037     3.4406
75 331  нет корней
76 332     0.6355    -1.7883
77 333  нет корней
78 334  нет корней
79 335  нет корней
80 336     0.7569    -0.9690
81 337     0.4408    -2.3047
82 338     0.1483    -0.6186
83 339     2.0279    -0.7166
84 340   -22.0827    -0.8073
85 341  нет корней
86 342    -2.0915     0.1593
88 343     0.7479    -1.0640
90 344     4.1273    -0.1772
92 345  нет корней
91 346  нет корней
93 347     2.6071    -1.2371
94 348  нет корней
95 349  нет корней
96 350    -0.5921     1.4600
97 351    -0.3915    -0.7372
99 352    -0.6768     0.9648
98 353    -0.5622    -1.7098
89 354    -4.9752    -0.3232
87 355    -2.4590     0.7017
4 360  нет корней
5 362     2.6067    -0.9379
3 356     0.9781    17.6468
1 359  нет корней
2 361    -0.9636     0.9814
6 357     0.7078    -0.3787
0 358  нет корней
10 363  нет корней
9 364  нет корней
7 365    -1.2679     0.9669
8 366  нет корней
13 367     1.1124    -0.1217
11 370  нет корней
14 369  нет корней
12 368  нет корней
17 371    -1.4078     0.8992
15 373  нет корней
16 372  нет корней
20 375     0.8852     0.1641
19 374    -0.3850     2.0362
18 376    -0.7924    -7.3878
22 378    -0.7256     4.3391
21 377    -2.5172     3.6988
23 379     0.7946    -1.8380
25 380     0.9636    -0.6286
26 382    65.9053     0.1438
24 381  нет корней
28 384    -8.9657    -0.6624
27 383     2.7399     0.4720
29 385  нет корней
30 386  нет корней
32 387  нет корней
31 388     0.3403    -1.5802
33 389  нет корней
34 390     1.2449    -0.8319
35 391  нет корней
36 392  нет корней
37 393     7.4141    -0.8175
38 394    -0.7366     2.0373
39 395     0.3583     9.9859
41 396     1.0033    -0.9205
42 397    -1.0116     1.6113
43 398  нет корней
46 400  нет корней
44 399     2.4761    -0.1948
45 401  нет корней
47 402  нет корней
49 404  нет корней
48 403    -1.1901     0.6211
50 405  нет корней
51 406     1.3997     0.1903
52 407    -0.0415     5.8747
53 408  нет корней
54 409  нет корней
56 411     0.5295    -1.6510
57 412    -6.7600    -0.7172
58 413  нет корней
55 410  нет корней
59 414     2.5233    -0.8168
60 415     0.8701     0.7476
61 416  нет корней
62 417  нет корней
63 418     2.0374    -0.5967
64 419     1.1477    -2.6452
65 420  нет корней
66 421    -1.1054     0.2066
67 422  нет корней
68 423  нет корней
69 424    -0.5747    -1.4361
70 425  нет корней
71 426    -0.7878     1.1622
72 427     2.8556    -0.3125
73 428     1.7036    -1.5087
74 429  нет корней
75 430  нет корней
76 431  нет корней
77 432     2.0765    -0.7471
78 433  нет корней
79 434    -1.1993     0.9856
80 435  нет корней
81 436     0.7369    -1.1406
82 437  нет корней
83 438  нет корней
84 439  нет корней
85 440     0.3082     2.4408
86 441     1.0645     0.0168
88 442     0.1534    -1.0261
90 443    -0.5645    -1.6401
92 444     1.3678    -0.7412
91 445    -2.0967    15.7071
93 446    -0.7987     0.6033
94 447    -5.0236     0.4586
95 448     1.1905    -1.6154
96 449    -0.1443     0.9322
97 450     0.4188    -0.9847
99 451  нет корней
98 452     0.9223    -1.5378
87 454    -6.8359     0.5347
89 453  нет корней
5 455  нет корней
1 457     0.3275    -5.9912
3 456  нет корней
6 460  нет корней
2 458     1.5025    -0.6463
0 461  нет корней
4 459    -0.8843     0.1710
8 464  нет корней
7 463  нет корней
9 462     0.3218    -0.5103
10 465     0.1348    -1.0895
14 467     0.2132    -2.6377
12 468     3.5211    -2.1552
11 466    -0.5165     1.1472
13 469    -0.7913     2.3136
16 471    -0.3570     1.4121
15 470  нет корней
17 472  нет корней
19 474     1.7706    -0.9368
20 473     0.7270    -0.1896
21 477     0.5818     0.1810
23 478     1.0160    -2.9192
22 475    -1.2517     0.0680
18 476    -1.3301    -0.0649
25 479     0.0981    -1.3382
24 480  нет корней
26 481    -2.0820     0.5945
28 482    -0.0619     1.1814
27 483  нет корней
29 484  нет корней
30 485    -0.4407    19.2904
32 486    -0.2610     0.2648
33 487  нет корней
31 488    -0.9798   -22.3414
34 489    -1.2075     0.7345
35 490     0.6528   -10.8942
36 491  нет корней
37 492     0.5937    -0.9783
38 494     1.0338    -0.6919
39 493     1.7942    -9.0560
41 495  нет корней
42 497    -5.7395     0.6975
43 496  нет корней
45 499  нет корней
44 498    -3.5797    -0.5627
