   0   -12.2678     2.5434   -19.9499
   1    -0.8051     3.4004    12.3496
   2    12.9136    15.8385    -5.9883
   3    14.3577   -13.0357     9.8642
   4    -7.8402     0.5414     8.4201
   5    -5.4219   -16.3439   -19.4006
   6    19.5410   -13.3641   -14.1075
   7   -19.8132   -15.2367    -2.1723
   8     1.2665    -4.8848   -19.6435
   9     4.2866     4.0706     2.8474
  10    -1.9684     6.5218   -13.3506
  11     4.3074   -17.7184    -5.9151
  12     0.7953    12.1043    11.3327
  13     9.0670    15.0389    -7.9220
  14     1.5741    17.0287    18.2360
  15   -10.5869    -1.5168   -14.3065
  16    11.1863   -11.6160    14.4896
  17    19.9878    19.8718    13.7461
  18    -9.3515    -4.3025     4.4600
  19   -19.0503    13.6058    -8.1088
  20     7.0882   -16.2951    -4.9654
  21    16.7516   -19.6484   -17.7514
  22     3.5163    -9.0841    -8.9645
  23     9.0597    13.5044     7.6473
  24     9.7494   -11.7856    -0.6024
  25    17.9662    -1.6816    -1.2616
  26     3.9619   -15.6688     9.7775
  27     4.3587     9.4003    -4.5906
  28   -13.9378    -5.5464     2.8962
  29    12.1152    -2.9939   -10.9958
  30    10.0620    19.5996     0.6842
  31     6.2923   -13.2408    -6.1776
  32     7.9904   -17.4584    -0.3241
  33    17.9833   -14.1002     0.1923
  34     7.7157    16.2047   -14.3370
  35   -17.1850    -2.9377    -7.8780
  36   -13.8707     7.3275    18.6645
  37     3.2820    12.8672    15.0902
  38    12.6878   -12.8843   -12.3460
  39     0.1569   -13.7779    -0.9894
  40    -8.8168    -3.7764     9.2807
  41    10.2341     7.2897     2.7497
  42   -15.0792    -0.9882     8.8766
  43   -18.5961    13.3872    -5.2876
  44    -2.9511     6.5194     0.6806
  45    16.8554    17.9736   -15.8129
  46    -1.1310    -6.1605     1.9819
  47    -7.3251    13.8792    -5.0008
  48    19.3188    -9.1244    -1.7560
  49     2.6911     9.5676    -8.0880
  50    13.5777    10.4526   -12.1604
  51    15.6066     0.0360    -4.0938
  52     2.9035    19.7851   -18.9013
  53   -12.2373     1.2531   -17.9797
  54     6.3045     5.0703    13.7217
  55   -15.0670    13.6863   -12.0859
  56    -7.4374     9.7250   -15.6029
  57    -6.5474    -8.5568    17.6428
  58    13.3848     9.3234   -14.3895
  59     9.8886     4.0095     8.3200
  60   -19.9353   -14.2210    -9.8910
  61    14.1050    12.2495   -17.5597
  62     2.1284   -15.3758   -11.5769
  63    -1.8195   -15.4491   -19.4299
  64     1.7377     7.4459    10.0888
  65   -11.9224    -2.5312   -17.0446
  66    -2.5324    -8.3859     7.8488
  67     1.3031     3.1147   -10.7028
  68     0.1654   -13.5923     5.1473
  69    16.9921     7.8304    18.5217
  70   -12.8660    -6.5621   -12.4021
  71    19.9207    -1.7023    19.8071
  72   -16.2243     5.0069   -16.0997
  73   -18.0627    17.2607    -2.4909
  74   -10.9079    -8.3993    15.7848
  75   -11.9211    -3.5713    10.7627
  76    -1.9355     4.1658     5.1228
  77     5.3890     3.9131    -1.3459
  78     4.9910    13.1516    14.1917
  79    -4.9947     2.6301     8.8363
  80     2.2053     9.5163   -12.6292
  81   -12.4424   -10.2853    16.2035
  82     3.3845     7.9403     4.1890
  83   -16.7846    -0.2216    -5.9481
  84     4.8152     4.4819     9.6298
  85   -14.0355    12.1812     7.6449
  86    16.4623    14.7093     3.0415
  87   -18.2714     9.1073     4.5882
  88    -7.3995    19.0613     6.7110
  89   -13.0430    -7.7670     2.7680
  90    14.0489    14.7618   -15.6578
  91    -6.9234   -13.8047     9.7726
  92     5.6392   -16.9359   -16.8261
  93    -2.0698     1.8036    12.8001
  94    -1.3776    -8.0502    -3.6409
  95    -7.0785   -13.8939     0.0482
  96    13.0674    -7.4447     9.5199
  97     9.0011    14.9339    18.3630
  98   -14.9107    17.7599    -7.9977
  99     0.9833    11.3987   -17.3705
 100   -17.1093    18.2446     4.3855
 101    -7.1151     6.1544    15.0255
 102   -10.9165     0.2020   -15.8080
 103     2.0466    16.7992    -8.3883
 104    -0.2985   -15.4186     6.5120
 105    11.7344    -0.1276    -4.8347
 106     7.5265    -4.7053     0.3705
 107    -4.1926     4.2512     1.2860
 108   -15.9752     8.3151   -19.7644
 109    -0.3400    14.5299     4.9226
 110    -4.7957    -0.1239     9.8935
 111    -5.7161     2.1125    11.4145
 112   -12.9368     5.2339    18.2287
 113     9.7311   -14.7349    -5.0301
 114   -18.8867     4.4795    18.0688
 115     5.5684   -17.7636    -6.8062
 116    14.5726    13.8829   -14.7349
 117    14.1588     8.8656     3.8752
 118     8.3163   -14.9413   -19.4128
 119   -17.3620   -11.2973     4.6858
 120    -6.3607     4.9641   -13.2432
 121     6.4400    -5.2974    -7.2237
 122     1.0614    12.2752    12.0957
 123    16.0240    11.9272     4.4441
 124    -3.9033     5.2071   -14.2076
 125    14.2076   -14.5384    -9.8520
 126     2.9340    -2.8877   -17.3534
 127   -10.9775     1.9221    -7.9086
 128    12.3215   -15.5748    -7.5460
 129    11.5244    -8.6300   -14.6117
 130     9.7519    11.5854    15.8092
 131    14.2662    -5.5550     4.6089
 132   -10.8225    14.5433   -10.8603
 133    19.3933     1.6962   -10.0180
 134     0.9870   -16.7431   -17.8478
 135    -9.6481   -16.2133    -2.9279
 136   -14.1380   -10.6894    15.6615
 137   -16.7956    17.2655   -14.9962
 138    -6.5438   -17.6513   -18.1164
 139    -2.6887    -4.0559    16.5880
 140     1.3691    13.4874    17.8466
 141    -4.0925     7.7413    13.6839
 142     1.0236   -19.8267    -9.6335
 143   -10.3562    -4.0522    18.1921
 144     7.3605    -9.7946     3.4223
 145    15.6090    -2.5800    17.8112
 146     4.0620    17.6391   -19.7131
 147   -14.3028     3.0671    11.4463
 148   -19.8291    -4.6797   -11.1069
 149     6.3973   -16.7101    -3.2832
 150    12.4424   -17.4059    14.2039
 151    12.1079     7.6595     6.4827
 152   -14.2894     7.4252     1.2055
 153    11.1093     9.1159     7.5802
 154     5.7808    14.7472   -18.7573
 155     2.0795   -16.5819     8.2626
 156    -9.0011   -17.6489    17.9162
 157     4.7993    19.2712   -14.1929
 158    -5.2986    16.8993    -8.3102
 159   -13.7632   -11.2546     7.7816
 160    16.0912     0.8576   -10.3781
 161    -2.3310    16.1058   -15.7433
 162   -13.1285    11.2839   -16.7956
 163    14.8155    11.0349    18.9758
 164   -19.8498    -1.7353   -11.5744
 165    -3.8118   -15.4381    10.0253
 166   -18.4570    19.7046    -7.5546
 167   -10.0925   -12.4290    -9.9167
 168    15.4149     4.8128   -13.8597
 169    11.1863   -12.1738    17.5634
 170    16.3659     6.2703     5.8223
 171     6.5670    16.8517    -1.7817
 172     2.7815     5.4537   -13.9695
 173     1.6230    17.7209    -3.1184
 174    -9.7885     1.4582     3.1428
 175   -18.5351    -5.9896    -4.1218
 176   -17.1886   -12.1397    11.8101
 177   -17.1630     3.6299    -4.4234
 178     5.7735   -13.7645   -12.0933
 179     7.8939     4.1719    -1.8268
 180    -4.1389     7.3788    -2.3481
 181   -12.0164     3.6885    13.4288
 182    -4.3318    15.0401    17.9785
 183    15.8287   -12.5877    19.4983
 184     5.0935    -2.3176     2.9780
 185    -8.5775   -18.0151     8.3407
 186    15.8129    -3.6946    -9.5920
 187    15.8422     9.1379     8.4078
 188    16.1547    -4.1035    -4.2573
 189     2.8230    -4.4758    -7.6559
 190     9.8141     9.3478    -5.8577
 191   -14.4273     9.5773     9.4552
 192     7.2176    -9.0963   -11.9932
 193     0.7062    -5.2864    16.4452
 194   -11.8772    16.2975   -15.6249
 195    -2.4592     6.1934     0.7184
 196   -16.8175   -16.3829     7.5057
 197    -5.7967   -18.8879   -16.9689
 198   -14.2930     7.8915    -7.7108
 199     7.0296   -17.2863    -4.2061
 200     7.7609   -12.0518     8.9975
 201     1.7597     6.1959     4.6284
 202   -18.0151     1.8146   -16.0680
 203    18.7988    -1.4386    18.9831
 204     7.1969     1.2384     9.1147
 205    -4.4551    -5.1155     7.7120
 206   -13.2176    12.3911   -18.0016
 207    11.3791    -7.5777   -17.5671
 208    -0.6134    -7.1236   -11.5012
 209     0.3143    -2.4055   -19.6338
 210    -3.9570    10.3415     4.2378
 211    17.6928    13.7059    -6.0079
 212   -17.8613    19.8914     4.9324
 213    -4.5296    14.5421     2.5141
 214   -18.9319    -8.6312    -7.7438
 215   -19.2553    -4.3525     4.5027
 216    14.3175    -1.7719   -18.7585
 217     9.0915    -3.9241    17.4706
 218    15.0169    12.3350     4.4636
 219   -16.8395     3.8008     3.3039
 220     3.6250    -1.5119    11.7270
 221    12.6426     2.7680     3.5774
 222   -19.5911    -6.2569     6.9100
 223   -10.7163    -6.3375    -9.3075
 224    14.7948    -5.1302    10.8408
 225     5.1570     9.0231   -15.3258
 226     1.4228   -12.6792    15.7579
 227    18.6084    11.2033    16.0802
 228    11.8967    16.0619   -12.1055
 229    15.6139    13.9525    18.1359
 230     4.6773   -12.5816     5.1485
 231     9.2880    -9.9741    -9.4003
 232     8.5556   -13.1626    11.5244
 233    12.2617   -16.7406    -0.7624
 234    -7.7010   -15.0145    14.2137
 235    10.4819    -1.0810     2.9328
 236    19.8010     9.1110   -12.3252
 237     7.6656     5.9053   -19.3860
 238    -9.0011   -17.1154   -13.0345
 239     2.2663    13.5569     7.0650
 240   -10.6992    11.1802    -5.1509
 241   -11.8162   -10.7334     5.5293
 242   -19.0844    -8.7301    18.8415
 243   -18.1213   -13.9268    10.7688
 244     5.7552    -6.0567   -19.6301
 245    -3.3393    -3.4175    -6.2703
 246     7.9708     1.8073   -16.3732
 247    15.0499     6.3009    -6.4803
 248   -17.8405     2.8010     1.4191
 249    -2.9279    -9.6005    -1.3691
 250   -16.5026    -0.5365    14.5335
 251    11.1386     8.3761     2.6325
 252    -8.2797    14.0220    14.5689
 253     9.8740     5.7967    14.5750
 254    14.8766    10.6247    13.1455
 255     0.8783    16.5014    16.3329
 256    -5.8394   -15.6944    -2.3933
 257   -13.2066    -2.8913    12.9221
 258    10.9421     6.2984   -19.9658
 259    -4.5735   -16.4074   -17.4511
 260   -13.8365    12.3045     7.3556
 261    -6.1544   -18.0615   -14.2857
 262     5.9053    19.1369   -19.2578
 263     5.4988    16.5661   -17.8539
 264   -10.2963   -19.1577    -2.7314
 265    11.2754     6.1605    -4.3220
 266   -14.4627    13.0418   -19.0869
 267    19.3396     2.0161     5.3706
 268    -7.9720   -11.4084    -1.4631
 269    -0.7758    -6.2984    11.2864
 270    19.3774   -15.8995     4.3208
 271    -1.7438   -13.9647    10.2329
 272    11.0202    19.9499     8.4652
 273    17.8442     4.8482     5.6661
 274     2.6862    -8.4078     7.5265
 275     8.4945     1.9294    -8.3847
 276    -0.2948     1.8671   -10.1425
 277    10.6064     6.7928    18.0822
 278    11.9504    -2.1699     4.9348
 279   -11.8149    19.5569     9.8215
 280     3.6518    16.3927     5.1790
 281    -0.4242     0.2216    16.7357
 282    17.6159    15.5736    -2.0112
 283   -11.8796    -9.9216   -12.6829
 284     5.0032    17.6452     9.2196
 285   -18.6193     5.6539   -18.3459
 286    -2.1467     1.7792     2.2541
 287   -14.8900    19.8413   -17.5451
 288   -13.0882   -17.9858     4.0364
 289    -7.3617    -6.7025     6.4095
 290    -2.8999    -3.5786     6.1434
 291   -13.3421     7.1407   -11.1350
 292    12.1091     0.3058    -0.0983
 293    -6.4205   -19.8193    -2.5971
 294    13.0931   -14.8570    -4.9641
 295     5.7332    15.6456     9.3319
 296     9.3588     0.5792     6.0237
 297    -1.3666    18.2836     9.4870
 298    16.1864   -15.5126    -5.4695
 299   -15.6529    -1.8085    12.8489
 300   -18.4350    10.4550    14.7777
 301   -17.2900    17.4450    -3.3332
 302   -15.3233   -11.5488   -13.4056
 303     4.7310   -15.2660     3.6445
 304     9.2624     7.6119     3.2038
 305    -8.0599     6.7891    16.6259
 306    19.8999    -4.8726    12.3545
 307   -13.1773   -11.8235    10.9006
 308     3.2392   -12.7512    -4.4697
 309   -12.3899    18.4057   -12.1751
 310   -15.1671    -7.8402    -4.7310
 311    10.8469   -18.1506   -12.0737
 312   -19.9292    15.2416    10.4416
 313    12.0615    -2.9450    -2.0551
 314     9.9753    -0.2057    -1.5461
 315   -16.2902     2.3762   -10.4599
 316    14.2808    15.7530    16.8810
 317     5.2815    -0.3644   -17.6147
 318    -9.7702    10.2426     9.8886
 319   -12.0151    11.6794    16.3964
 320     0.8869   -17.9504     2.1137
 321   -19.0381     8.1661    11.6147
 322    16.5685     2.1345     9.2697
 323    -7.7828    11.8772    15.0218
 324   -17.8967    -0.7245    -4.2024
 325    10.7431   -19.9658     6.0787
 326   -13.8096   -11.2107    10.2475
 327   -18.6926     6.8245   -17.6989
 328    11.9260     7.9147    -6.1653
 329     5.4219    19.2688    -2.5495
 330    14.9742    -0.9210    -8.1881
 331   -14.2711   -15.9606   -16.8285
 332    -7.6510    16.7199   -14.2796
 333   -18.1347    12.5535    -5.0472
 334    15.9154   -10.4001    12.5681
 335   -11.6794    -9.2257    -9.7397
 336    14.9937    13.8462   -10.8249
 337     4.3709    13.7913    15.5077
 338   -12.6499   -13.0589   -18.3642
 339   -12.5974    -2.0295    -5.7637
 340     1.8537     4.9214    15.7787
 341     9.2257     0.9040    16.4672
 342    14.6971    18.7732    19.9731
 343    -5.0240   -14.1331    13.6082
 344    18.9502   -13.1614    -8.6251
 345   -18.7646     8.6642     9.6725
 346     9.4369    12.5083     5.8016
 347     8.7558   -15.0145    12.7268
 348    16.6173     5.9932    -4.9971
 349    10.9397   -18.7133    15.5870
 350   -10.8554   -19.6973    -2.0454
 351    16.7614   -13.7364    -3.2612
 352    10.1791   -10.2853     0.0678
 353   -18.7158   -11.4609    16.2609
 354     2.2639   -10.8701    10.8469
 355    -6.7354    14.0806    12.2556
 356    14.7740    19.6716     1.5571
 357    12.5120   -10.8908     5.8748
 358   -18.6010    -5.3243    -5.1582
 359   -15.2086    -4.0852     2.4519
 360   -11.9407    15.9606    -7.0028
 361    13.9732   -14.9974    17.6073
 362   -11.1155    -2.1772    15.7579
 363     4.9617     2.4030     5.3902
 364    14.5653   -19.3408    -3.0537
 365    -8.3212    -9.3039   -14.4151
 366    18.3532     2.4580     7.2665
 367    -3.0915    11.5293     4.2891
 368   -14.5689     9.5785    12.7354
 369   -19.7205   -19.1968     0.6610
 370    16.0851    -6.6451     9.9326
 371   -17.9797    10.7163    -1.5094
 372     7.2970   -19.0332     5.2388
 373     8.2553     0.0177    18.7634
 374     5.8650    12.8941    -9.3625
 375    13.7693    -9.4552     3.8887
 376    -5.9359     9.9265    -1.5973
 377     5.0594    -0.9381   -19.4201
 378   -18.8952    -4.6553    -3.8447
 379    15.3551     3.8740    -8.4469
 380    -4.6809    17.2619    -2.7131
 381    18.9697   -19.5972     1.3251
 382     7.9855    -2.5031    14.6080
 383    -0.0580     4.0938    -6.6817
 384    -4.8714   -18.4399     2.3847
 385    14.3809    17.4938   -10.6784
 386     3.3589     4.3525    18.5644
 387    -7.7877    -3.7190   -16.9420
 388    14.9913   -16.7980    -0.0568
 389    17.3156    11.2607    -7.8292
 390    -8.8278   -11.3511     3.5371
 391    -9.9973    14.9767     2.4287
 392    14.6641     9.0854    -7.9440
 393    -2.1284   -12.3716   -10.7566
 394   -18.8488     2.9731    15.6139
 395     4.7676   -17.6305    19.8096
 396   -15.3551   -13.2066    -9.7226
 397    18.3923    -0.2045   -10.7407
 398    -6.4937   -16.8151   -18.0285
 399    -0.3778     0.6220    -8.8107
 400     4.0425    16.9884    -3.5090
 401    -3.9338    -0.9699    -8.3139
 402    13.3970     1.9343    18.0529
 403     3.7141    12.0664    11.7771
 404    17.5671    -7.2774    14.8033
 405     8.7509    17.7331    -9.2831
 406    -1.0846    10.9958   -14.8949
 407   -18.3349   -18.9331   -12.9637
 408   -14.5555    14.4920    -1.8085
 409    12.7415   -11.4890   -19.4214
 410     6.3399    11.1863    11.8882
 411    16.8603    11.2571    -8.0502
 412    -0.0494   -10.2951    13.6851
 413   -18.7646   -16.9713   -19.0796
 414    -3.6079     8.6129    -5.7515
 415   -12.7158    -8.0831   -12.7830
 416   -17.6708   -14.6104     9.7958
 417    12.2691    -5.6453     1.0248
 418   -14.7276    15.9948   -13.6473
 419    12.7232   -12.7427   -18.8305
 420    -6.1238     2.8278   -10.0314
 421    14.8302     6.5963     1.5973
 422   -15.7921    17.8112    17.3009
 423    12.0103     2.3188   -13.8707
 424    14.8924   -17.0995    15.8055
 425     1.9514    -4.4685    12.8965
 426    -8.7448    -1.9623     6.8783
 427     9.1220    19.2859    17.9785
 428   -14.7215    -9.1049     3.7922
 429    -0.5060     4.0205   -12.0823
 430    -0.8625   -10.8029    -5.7869
 431     6.8453    17.9260     7.6717
 432     0.5426   -10.4990    19.3030
 433    -0.6256    15.9215   -10.5673
 434     2.8315     1.4997    -6.9417
 435   -13.2310    -6.0738    -6.5389
 436    16.9127   -11.2290    -8.3932
 437     6.0176    12.2800     9.5871
 438    10.6748    -9.1964     7.4679
 439    14.3626     8.8705   -17.4230
 440    -0.6281   -18.2250    -6.3375
 441     4.7407    13.5276   -19.1687
 442     2.7473     4.1621     1.6230
 443     7.8695     5.6014    11.0947
 444   -13.6802    14.7203    10.3977
 445   -19.1430    11.4585    -3.0598
 446     0.2521   -18.3142    -2.4653
 447   -10.2060   -17.2692    -9.2294
 448     4.6211     0.2582    19.2822
 449    18.2214    -5.2998   -17.1593
 450   -10.3244    -6.5011    14.4029
 451    19.7082   -17.9614    -8.4188
 452   -11.1948   -17.2436   -13.1016
 453     5.9847    11.4743    -7.9635
 454   -14.5408    -9.4894   -16.6527
 455   -12.8697     2.5031   -11.2986
 456    -1.8513   -15.7237     5.2913
 457   -17.7038    -6.6475    10.3537
 458    14.9303     7.7718    -8.6996
 459   -16.7516    14.7398     2.7033
 460     5.3999    19.9866    11.8162
 461     3.7251     3.7910     4.7542
 462   -10.7395    19.1552   -12.2300
 463    -9.7946   -10.4379   -18.3081
 464    -9.1012    11.7978    -3.7275
 465     9.1025    -4.8225    16.0021
 466     4.1829   -17.8820   -11.7405
 467     6.7244    -5.5501    -5.8406
 468    15.8312   -11.0544    19.0417
 469     6.6048    18.1408    -6.1214
 470    -5.7820    -8.7057   -11.9333
 471   -11.2009    -8.3602     1.2799
 472     8.3737   -15.7311   -16.0155
 473    12.7659     6.8746    13.7523
 474     4.1853    -0.3461   -19.7693
 475     4.2329    -8.3749    17.4133
 476    16.4892    14.9535     9.8764
 477    -7.8048     4.2366    13.2041
 478     1.7048   -13.9952    11.3694
 479    19.7278    -4.2146     7.5619
 480   -18.9026    -3.5359   -15.9227
 481   -13.2395    -9.6445     7.4972
 482    14.4884   -12.4400   -10.8542
 483    -0.6708   -18.0956    10.5319
 484   -16.6002    18.4497   -17.7538
 485     2.9560    18.5022     2.6191
 486    -3.8740    -3.6518    15.1463
 487    12.9344     6.3411    -3.4602
 488   -19.9109    -8.6752    17.8076
 489     6.2423   -18.0224     4.6504
 490     4.1585    18.1799    -3.1220
 491    -6.3778    -3.4248   -11.9651
 492   -19.8059    12.3362     4.9251
 493    -8.9254    -4.2232   -15.7897
 494    14.1404    12.9698    -7.3287
 495     2.5874   -12.0933    -7.5387
 496    -2.6704    19.8047    -1.2372
 497    -4.6052    -3.2490    -5.2608
 498    -6.5035    15.1097     3.2173
 499     0.3656    18.0419    -4.2647
 500    11.0703     4.3318    -3.2563
 501   -11.6831   -13.9525   -16.6540
 502    -1.1274    -7.3092   -16.5062
 503   -16.8273    -6.6890     5.1656
 504    -8.7716   -14.2869     4.5808
 505    19.7766    -2.4372    12.9991
 506     0.7599   -15.7067   -11.1618
 507     3.0500   -19.7058    -9.4162
 508    18.7683   -15.6993    10.8225
 509     0.8686    16.1596    -5.2229
 510    -0.8612    -7.8951   -11.0935
 511    10.5893    -3.4236    -7.5753
 512    -2.9011    -4.4356    13.6644
 513   -16.3439     9.3966     8.9669
 514    13.8792    10.1230   -16.7309
 515    -0.9992    -5.6148     5.5123
 516   -12.4656    -3.3882   -16.2243
 517   -10.8274    16.5355    -6.2752
 518    -6.3387   -13.8292    -7.5875
 519   -11.7624    -9.1086   -12.7085
 520   -17.3827    -6.5889   -13.1016
 521    12.3704    18.5473     0.0763
 522   -12.8294    16.5197    -2.1418
 523     7.9696    -1.1164    -0.7233
 524    -8.9022    17.4682   -10.0558
 525    12.7854    12.8977    -8.0184
 526   -19.7119    11.8027     5.1961
 527    18.1188    -8.4188    -9.5614
 528     8.3004     0.6977    14.3785
 529    -0.3497    16.8419    -9.7531
 530   -16.9323    13.0393   -16.2584
 531     5.7308    -4.6455    -8.6947
 532   -14.3712    -2.7387     0.6037
 533   -19.7925   -17.0153    18.9990
 534    10.2133    -3.5334    16.5917
 535    -3.0744   -15.9313   -12.4937
 536    12.9685     1.0968     7.1175
 537    -0.0201    -9.1403    13.4874
 538    18.8318   -14.0403    14.8180
 539   -17.3302   -11.1728     1.5351
 540   -12.2837   -12.0908   -11.8149
 541     3.7397    18.2714   -12.0188
 542     7.1932    -8.2247     9.5517
 543    17.1374    16.8529    11.4451
 544   -15.7823    -9.6408    13.7730
 545   -14.0672    16.1510   -17.5243
 546    18.2678    -5.6233    15.7103
 547     7.3824    -6.7415    -4.7371
 548    -2.6691    -4.7957    15.5016
 549    -0.6867    -9.3161     6.9857
 550    11.7649    12.0823     1.1139
 551    13.1114    -0.5329     9.8532
 552    -6.1129    -8.8485     2.3615
 553    10.5161    16.4501   -17.8344
 554   -11.5500    -8.7045    -5.2608
 555    15.2647   -17.9943    -7.0174
 556   -14.2051    -3.8472   -10.0473
 557    11.3462     4.3245    15.0108
 558    10.4709    -1.9318   -12.1262
 559    12.1824     5.4585    -2.6667
 560    18.5278    -7.0931   -13.0222
 561    14.5152   -12.0981     8.3761
 562   -18.5583     9.7287   -18.1079
 563     2.1076   -16.7052   -14.7667
 564   -11.2449     1.3202     2.7583
 565   -17.4218    -7.8158   -16.9127
 566    -9.9326   -14.6519    -3.5493
 567    -9.2514     0.3510    12.8257
 568   -15.1305    16.6613    19.5178
 569    -1.1628     8.2785    -8.6227
 570     1.0041    -6.2142    -8.2101
 571   -17.3070     0.6891    12.4448
 572   -15.8544     2.1760    13.1687
 573     8.9242    17.8674     0.3827
 574    16.7553    -1.9477    -1.0431
 575    15.3746    -5.3890     1.9538
 576     0.2960   -15.0987     6.3887
 577     1.8586    -8.8083   -15.5028
 578    14.3248    -5.2327    11.6514
 579    -5.6136    -1.4460     9.7739
 580    -4.8384     3.4370    -2.3164
 581    -0.6964     2.3041     5.2815
 582   -19.6118   -12.5718    13.4666
 583   -11.1289   -18.3752   -15.6297
 584     8.3041    -3.5884    -9.7617
 585     1.7621   -14.6776    -2.2907
 586   -11.2693    12.2654    14.2711
 587   -14.2711    -7.4654    16.9530
 588    18.2226   -19.5886     4.2744
 589   -19.5044    -4.5247     1.4899
 590     3.6982    15.4283   -10.5173
 591     1.4081   -19.3384   -13.8963
 592   -11.0215     6.1092    16.6686
 593   -16.1168    18.6328    -3.7776
 594    -6.5877     0.2448    -4.0168
 595    -9.9692     5.0166    -6.8636
 596    15.9471     1.3410    -8.4017
 597     6.9832    -6.8734    -0.8771
 598    -3.4895     3.3100    -1.5864
 599     6.5889   -15.1610    16.8920
 600   -15.5370   -10.1047   -14.0526
 601    13.0576     7.5802   -15.9191
 602     6.1373    -1.8500    -0.3705
 603   -16.0314     5.5965    -3.2600
 604    15.1183    -5.2547    13.2237
 605    -4.2122    18.4912     0.8014
 606    -5.0349     5.2242     9.0280
 607   -17.4425    14.1026    12.5364
 608   -10.5759    -5.5049     9.7433
 609    -9.0426    11.3486    12.7586
 610   -15.0304   -13.0113     2.5288
 611    -8.8229    -3.4480    10.2841
 612   -10.3500     1.7682   -13.1614
 613     6.3216   -10.9970    -7.2555
 614     5.7332     6.8099     7.9366
 615    18.0895    -6.8197   -17.7587
 616   -13.4812    -7.6949    -7.1725
 617    18.4448    -8.9425    -5.2583
 618     4.9934    -9.5676   -10.5515
 619    -9.1598     3.3125    10.2414
 620     8.5653    -6.4840     8.4860
 621     5.2278     8.0221   -19.1369
 622    -4.7639     8.7948   -14.9449
 623     3.6775    14.5653     0.9577
 624     6.8709   -18.7683    -0.1935
 625     2.9035    -6.0164     2.1393
 626   -19.9744   -19.0942    10.5710
 627    -8.7106     9.9228     1.8781
 628     8.9523    13.4092    11.7612
 629    -3.7764     1.5461    -8.1417
 630   -16.1315    -4.4246   -15.9288
 631     7.6376   -13.5264     6.7281
 632    15.5296     9.5407     6.8307
 633    -9.4028     2.7802    10.2634
 634     9.3381    -9.3149   -15.5419
 635   -11.4035    -0.4840    19.0991
 636    -6.0591     4.5161    12.0481
 637    -5.0533    19.9402    -0.6952
 638     5.2107   -11.1753    17.9199
 639    17.1960   -14.1783     3.0280
 640   -18.0541     5.6929    -1.6828
 641   -16.0009     9.6957     6.2300
 642   -10.6259   -12.0164     6.0298
 643    10.1645    19.7815     9.2856
 644    15.6713     1.9062    15.7323
 645     8.7960     4.6382    14.7545
 646    10.2487   -13.9232     9.2428
 647     4.5796    -3.8105   -13.8890
 648    15.4418    13.1993     8.6715
 649     4.1450    -4.2097   -17.4511
 650    10.4721    -1.9452    -0.4767
 651     3.3222    -6.5706     3.1513
 652   -16.7418     9.9899    -5.5867
 653   -18.2214    19.8828   -16.1742
 654    -3.4016   -15.6725    -4.1328
 655    -1.8793    -9.2111    -2.6435
 656     5.6697    -9.5468   -11.0007
 657    -2.0270    15.1585    15.7237
 658    18.5766   -10.7175    -3.5322
 659     8.9218    -6.3314     9.5749
 660    15.7689     4.8579     4.1353
 661   -15.6481   -10.5747     7.2994
 662     2.7180     8.6203     1.2665
 663    -1.6620     0.4364   -19.3957
 664     8.0953    15.5858    18.8342
 665    -9.3332   -15.8580   -10.1669
 666   -18.0370     4.2708    -1.3483
 667    19.9268   -15.3343    -4.5528
 668   -19.8242   -18.3666     9.5969
 669     8.2650    18.2568     7.2103
 670     7.1310   -14.3565    10.0351
 671    19.0405     6.5194     4.5100
 672    14.4530    16.2963   -17.1557
 673     3.0061    15.5602     5.1399
 674     2.9560    15.9447   -13.9122
 675     5.0117   -12.9807    -9.4821
 676    14.3455     6.8111    13.3726
 677     6.4046    19.3188    -2.0588
 678    12.6389   -17.6708     8.3505
 679    13.4141    18.9660     9.8764
 680   -11.7795   -15.2940    -7.4349
 681    13.6998    17.9113    -8.3285
 682    14.6471   -11.3633   -10.0095
 683    17.1496   -11.7710    -2.7644
 684    -5.0105    -4.4002    10.1328
 685    17.6428     5.2290     2.3188
 686    -4.4514     9.4418     9.4504
 687     5.1192    19.2090     2.0075
 688     5.0935    -2.7985    -6.8929
 689     6.7354    -0.3949     7.8268
 690   -17.3925   -15.8104    -9.2660
 691   -12.7891    -1.8415   -14.4090
 692    -9.3564    14.2711     5.8602
 693    16.6723     4.9959    12.7036
 694    -0.1141    -9.8325   -15.9093
 695   -15.6163     8.1649     8.0453
 696    18.4411    -0.7282    -5.1204
 697   -16.2731    -1.8195   -16.0460
 698    11.6208    -6.9613     0.8295
 699     2.5581     9.5126    12.9661
 700    19.6350   -12.5059   -17.9308
 701     8.8571     5.7369    -2.9121
 702    16.6137    13.7181    16.0302
 703     9.1000    -0.8075    -0.6806
 704     9.7848    -4.6419    10.3085
 705   -18.7512    -5.4842    -9.0402
 706    -2.6130    10.3159    12.8904
 707    -9.3710   -16.7016   -11.0288
 708    -6.9539    10.6906     5.0276
 709    10.0754    -0.6012    -9.8117
 710     7.8524    -6.0836     2.4775
 711    -9.0927    -3.9326    18.6853
 712     4.2647     3.6946    15.5553
 713    13.1907    12.0566    -6.1055
 714   -16.7492    -3.0634    12.5999
 715     7.5472    19.3017     5.2962
 716     2.6911   -12.6292    -0.0287
 717    -8.4433    14.4798   -10.4648
 718    -3.8997    12.7976    19.5825
 719     6.3033    -4.0535    -7.1310
 720    -8.8925    16.1547    17.2350
 721    18.0908     1.0285    10.5466
 722   -18.0834     5.6978    16.6808
 723    11.6990    -8.4542    -9.4577
 724    -5.9236    -8.5189    -9.6774
 725   -10.2646    12.7390    16.5758
 726    18.4472   -10.8066    -7.1139
 727    12.7195    17.3437   -10.1804
 728   -10.9055     3.0903   -15.8641
 729    11.4841   -12.3435    -4.9617
 730   -17.8332    -7.6302    15.8690
 731     2.3395     8.7716    10.0815
 732   -15.6236    -5.2559     1.9172
 733   -18.9099    10.9250   -17.2448
 734   -14.2015    -7.6669    -7.1944
 735     9.6286    -6.9112     1.0370
 736    17.0348     3.1819     3.9399
 737     3.2514     8.3920     6.4180
 738   -19.4153    -8.2101   -17.1288
 739     3.1819    19.8975    10.8872
 740   -14.6019    -0.9955    -7.7902
 741     1.9831   -12.5108     0.6244
 742     7.0931     0.4376    -4.9104
 743     4.6321     8.3065     8.9303
 744     9.2257    18.2788   -15.0658
 745    -0.0470   -10.8823   -17.7453
 746    -1.7328    18.9575   -14.6532
 747    10.9885     4.4893    11.3852
 748    -8.4494    13.5752     4.5039
 749    -6.4876    14.3052    19.9219
 750    18.5168   -15.6920   -13.7083
 751   -15.4466     3.3760    19.1540
 752    -4.0706    -6.7623   -17.2607
 753    12.1824     9.3771    -2.7656
 754     2.5471    15.1244     3.8679
 755   -10.8310   -11.7637    16.2938
 756    -7.1847    -2.4238   -12.8355
 757    11.3474    13.3897   -11.3291
 758    -2.2724    -4.0779    14.2454
 759    11.5366   -18.0920    17.9504
 760   -11.1618     0.7794    -7.9757
 761   -13.1016    -8.4127     6.7476
 762    13.7120    -1.1066    14.8888
 763   -13.6277     3.4114    16.4708
 764    12.7134     7.2811    -2.1589
 765     0.5780    18.6181    19.2822
 766     3.0744   -17.9711   -16.4806
 767     4.1340     3.7068    14.5006
 768    11.5452    -8.6801     3.2209
 769   -15.2184    15.2647    -4.5137
 770    -3.2783   -17.6904    18.7182
 771   -19.9207    -5.6575    -6.2459
 772    11.2741   -11.5378    -7.3177
 773    15.5602   -17.5549    -0.3693
 774    -2.1906     2.7436    -4.0962
 775     3.4040     2.7424     8.2626
 776    -4.9910   -12.1787     4.2488
 777     2.5715    16.2328    11.0410
 778    17.9296    11.9553    12.4839
 779     5.1997   -12.1152    10.8066
 780    13.0052    13.7327     0.5573
 781     4.7493     7.6254     9.1671
 782    19.3115    15.1353    -4.1389
 783     4.0022    -9.8801     1.3153
 784    18.0273     5.6319     7.2311
 785     0.4071    -9.1476     2.4897
 786   -13.2054    15.0389   -11.8943
 787     7.6608     8.8839   -14.0391
 788    19.8584     4.8860     2.2724
 789     0.5573     3.9277    19.9976
 790    13.3055   -18.1726     1.0077
 791    -9.7201     2.0441    15.7067
 792    12.7000    17.3315   -19.7864
 793    14.1795   -14.7667   -16.0070
 794   -17.3901    10.4929    -4.7359
 795   -16.9958   -19.3530    -6.9381
 796   -10.7956   -19.7497    -5.2071
 797    -5.8126     9.8581     2.9841
 798    13.0796   -15.4100    -2.4238
 799    17.3717    -7.2054    -4.2097
 800    14.9083     2.5752     3.8862
 801    -7.1358   -10.5441     3.3906
 802     6.2166     5.0716   -10.6369
 803    -0.0153    10.4172     6.3131
 804    -3.2051   -12.9783     0.4596
 805    15.4808    19.3750    -1.1603
 806   -16.2963   -17.0690   -19.1137
 807    17.2912    -7.3128    -4.4246
 808    -0.2326     2.9402    13.2933
 809     0.8783    16.7895    -4.2122
 810    -3.2832    14.4383   -15.4955
 811   -10.8469    19.8291    10.1132
 812   -15.2647    -1.3862   -18.7927
 813    17.7587    -6.3900    -5.7820
 814    11.2485    17.6904   -19.1833
 815    10.0290    11.0508    11.0666
 816   -17.8869   -18.2385     4.5650
 817   -14.5872     7.9073     2.1613
 818    -6.7965     9.2575    -8.5434
 819    16.4586     0.3912    -6.0921
 820    14.4530    16.9982    17.7856
 821     7.6705    17.5890     2.8083
 822    -2.9951    19.6362    -7.7340
 823    -0.3583     4.1877    17.6122
 824   -18.0419     8.9840   -13.3750
 825   -11.2168     0.1105    -7.0614
 826     1.4716   -13.7034   -19.3823
 827     1.8378    13.9476    -7.9659
 828   -15.3392   -19.9512    -6.0262
 829   -19.9683     1.9428    -8.5690
 830    16.7028   -16.9445    10.6272
 831    -4.6553   -11.6501    12.2422
 832    14.9632    11.0007    -2.0844
 833     5.7686     1.5473    16.6051
 834     5.7393     4.5161   -10.0058
 835     2.8108    18.1481     8.5531
 836    14.3370    -6.1068   -14.1954
 837    17.6745     9.6359    11.1313
 838   -15.2733   -15.6481    12.2568
 839    -2.3872    17.7026   -18.9843
 840   -12.0920     5.5000   -11.8870
 841     5.9590    10.4270    -6.7147
 842     5.3645   -13.8414    18.1603
 843   -16.9237    -3.0866   -12.8941
 844    10.6821    10.2414    -4.2195
 845    -3.7202     7.6803    13.2664
 846   -16.6588     5.6368    -0.0604
 847   -10.7346   -12.7073    -8.6349
 848    19.1614   -18.6926     4.8494
 849     1.0968    19.2407    -6.6512
 850    -3.4309     2.8498   -17.7721
 851   -13.8987    -4.0852   -14.2479
 852   -17.9040   -11.2571    -7.9086
 853    14.2381     3.8520    -9.3893
 854    16.9042     3.3198    -6.6378
 855    11.5659   -18.9758     9.4382
 856   -15.8568   -16.7711     5.4268
 857    -2.5776     3.9814     0.9955
 858    19.1516     6.6878   -19.1760
 859    -6.2813   -16.9726    -3.1867
 860    16.1437   -15.6761    12.8343
 861   -12.5230     8.4152     3.4419
 862    -8.9181   -18.2897     4.5784
 863     5.3133     4.6211     2.4396
 864     5.8040     1.8989    13.5435
 865    -6.9832    18.3630     2.8535
 866   -11.7917     6.3375   -17.9528
 867   -10.2817    13.8145    11.7161
 868     2.5202    -0.4657    15.2330
 869     9.3173   -19.1650    10.6345
 870    -2.9182    -8.3944    -1.5217
 871    16.9384   -16.4061     5.9822
 872    10.0827   -11.3840   -18.9978
 873   -19.8547    -6.9662     1.5680
 874    -9.1464     8.1271    16.4476
 875   -11.5586   -18.0187    10.8408
 876   -18.9734     1.8867   -10.1462
 877    -4.6968     1.5033   -14.2442
 878   -19.1455    13.8865    -1.7414
 879     9.5920   -13.7828    -3.5786
 880   -13.6192    -4.8042    -5.5599
 881    -7.3971    -0.1947    -5.5977
 882     7.9366     2.1357    -5.0166
 883   -11.6233    -5.1436    -1.6425
 884    -5.4622   -13.7938    19.8315
 885    13.0638   -11.5488    -1.8378
 886    -2.6740     8.1063    15.8898
 887    -0.7550    -8.5104     8.2052
 888    -6.9662    -1.1921   -12.9600
 889    -1.9452   -19.1406    -3.1733
 890   -19.2419    -6.7049    -7.9952
 891    10.7505    13.8560     2.0771
 892     6.9613     1.9709     5.0764
 893    17.1398    -0.9308    19.0857
 894     9.6078     6.0945     7.5851
 895    -4.2195     2.1052    16.2181
 896   -12.2288    11.8223    -4.7493
 897    -4.6187   -17.0238    -8.8888
 898   -17.2045    -2.5214    -6.7928
 899   -16.8798    -0.0543    -1.7084
 900     6.2191   -14.3455    11.5049
 901   -11.1631    -3.1697    12.7329
 902    -6.7830    10.5429    14.2711
 903   -10.9165   -17.5732   -16.8822
 904     3.1965    -3.3467     0.5060
 905    -2.9756    16.7492    -0.0763
 906    16.4183     2.5947   -11.3865
 907   -12.0249     4.1231     1.6169
 908    12.2092    -1.9282     5.2522
 909     1.0700     3.0012    -7.6193
 910   -14.6983    18.5998     7.0528
 911   -19.8621   -18.5510    -8.3077
 912   -12.7561   -14.3956    -4.0535
 913    16.3305   -19.1992     4.9214
 914    -5.4012    14.6825    10.5332
 915    -3.6787     2.8742    -0.1617
 916   -10.2255   -13.2774    11.8906
 917     8.2003    -6.6317     1.4655
 918    -1.1505    10.4672    -2.3127
 919    17.1252     0.7685   -17.8149
 920   -11.3413     5.7088    -1.8659
 921    19.8889    11.0092    -9.6579
 922   -12.3508   -10.9995    -3.4675
 923     6.2801    -1.3532    13.7547
 924   -13.3238    -6.8636   -19.3506
 925     0.8832    19.9536    19.6777
 926     1.9160   -17.0080    14.0489
 927    -3.4968     7.5521    14.6593
 928     7.4593     8.5739     3.7703
 929     4.8824    14.7179    -8.3969
 930    14.9217     6.1348    -2.5898
 931   -13.3213   -14.6776     2.0197
 932    16.5575     5.2132    -6.3631
 933     5.9151    -2.2712    -5.9444
 934     1.8354   -11.7405   -19.4031
 935   -10.8811    12.5108    16.3244
 936    -9.5969     5.2278    11.4206
 937     1.4277   -10.0388   -11.1093
 938   -18.4631    13.0711    10.1584
 939   -14.3492    18.6816    10.9897
 940     6.9112    14.5677   -19.9487
 941    11.0703    -3.6567    -4.9165
 942    -5.5550    17.1911   -16.1498
 943    11.2888    12.8611    13.8878
 944    11.4658     5.9615   -11.7747
 945    -0.0775     9.6811     5.7552
 946     0.1044     9.3063    -4.0657
 947     4.2219    -8.1320     9.5614
 948    12.0566    -1.1237    15.4100
 949    14.9498    -3.1623    17.7783
 950    18.3020     8.1295     2.8486
 951     0.8954     0.2960    10.9018
 952    -2.7009     5.1717   -18.3715
 953     3.3821    -9.0573    12.7061
 954    17.4328    -2.0637     3.0305
 955    -5.0923    -4.1304     9.0231
 956    11.0996   -10.7822     5.7576
 957     1.8232    -6.6414   -12.2129
 958    -6.1019   -19.5593   -15.3746
 959    -1.5131    -6.0421    -9.9020
 960    -2.2944    11.2058    16.0863
 961     4.7908     9.1610    -4.1963
 962   -13.7461   -18.2543    -5.1595
 963   -14.6947   -15.0267   -12.1091
 964    10.9067   -17.5817    -3.1086
 965     1.4740    -0.1117    12.4851
 966   -12.1128    13.1101   -15.3221
 967    13.3628    18.4057     0.7416
 968     1.1078     1.2030    14.7887
 969     9.4406    -2.6911    -9.7458
 970   -18.0529     4.3098   -17.1715
 971     6.6939   -12.7537   -18.2409
 972    14.0696    18.3959   -11.4206
 973    -5.9578     1.9501    -2.9426
 974   -17.7013   -11.6794    12.4339
 975    14.6715   -13.4263    10.9665
 976    15.0121     0.9442   -13.6155
 977   -17.7221    -9.8556    -0.9967
 978   -15.7555    -3.9216   -15.4991
 979   -12.3850    19.9963    18.1420
 980    11.8796   -17.5011    13.7791
 981    19.8657    13.3396   -14.3944
 982   -11.2461   -19.9353   -18.2849
 983     7.5033     7.7596     5.1228
 984    11.4829     9.6884    -3.3064
 985     0.2472    -6.5743    -3.6702
 986     3.9644   -14.5201     6.3729
 987    12.4839    -9.7604    16.3097
 988     2.2895    12.8611     2.8498
 989    14.3260    -2.1662   -12.7647
 990   -12.3093     7.7303     6.2203
 991    -6.0128     0.5731     6.1190
 992    17.6061    10.0217     5.4280
 993     9.6298    -1.8671    16.4379
 994    -5.2852    -4.9922    11.9346
 995   -14.8375   -19.8218    12.1458
 996    -7.1102    -7.2701    -7.2176
 997     7.6962    15.9154     7.1505
 998    12.5755    -5.3108    -0.0214
 999    19.3823    10.9201   -17.2289
1000    -9.0353   -17.3046     7.9061
1001   -11.6037    19.6814     7.0540
1002   -10.3720   -17.6843    -5.3768
1003    17.5781    -2.3371   -12.0188
1004   -11.1301     7.8268     1.4118
1005     9.9777    -3.5090     2.7461
1006    19.1284    11.9028   -17.1715
1007   -16.8346    -5.0362     2.1381
1008     0.1007     6.4815     1.7817
1009    -6.4571     2.1442     8.0172
1010   -16.9335   -13.6839    -4.2073
1011   -16.7101    -8.3407   -12.5571
1012     5.9920     8.6776     6.6329
1013   -19.2517    13.6070     4.7041
1014    19.5386     6.5023    10.8798
1015    15.1402   -12.9087   -13.1297
1016   -10.0119     2.9987    18.7512
1017    13.4397   -12.5291    14.8753
1018    -2.6484    -1.7353   -12.3191
1019    -3.8936    12.7244    -4.7078
1020   -11.4414    -2.0392    -9.3735
1021     4.0046   -11.8296     3.0879
1022     1.6828    15.3954    11.9871
1023    16.5111    12.8941    -2.4445
1024    12.5010     6.5731   -18.7207
1025   -14.8302   -10.2902     7.4801
1026    14.4737    -2.1369   -18.6242
1027    13.6644    -1.5339   -17.7270
1028    -7.6193   -17.1435     9.0744
1029   -11.9944    14.6690    -1.5668
1030    -6.6512   -16.1498     6.2166
1031     5.9957   -12.8819     0.0568
1032     1.8781    -0.9284   -15.6822
1033    16.8798    14.2161   -16.4269
1034    12.8135    -5.6514    -0.2106
1035     6.0274   -15.9801    -5.0423
1036    -7.2518    12.3838     5.3731
1037    10.1169    -7.1151    17.8430
1038    -8.5556   -10.9030    -8.6837
1039    -9.0939    -3.3491    -2.1393
1040    15.1988   -10.2512     2.0222
1041    15.1146   -18.1213    -2.6069
1042   -11.1350    -7.4117    -4.3794
1043     9.2819    17.5146    10.5820
1044    -2.6069    19.7436     9.8642
1045   -13.3470     4.6223    16.0802
1046    -3.7727   -11.0874    13.1822
1047     3.2478     8.4823     9.4186
1048    17.8478   -19.9084    19.4678
1049    -2.8291    -1.6572     3.2551
1050     3.9546     4.1719    -5.6709
1051   -15.8739   -19.4617    -3.1013
1052   -15.5333   -10.3342     4.0425
1053   -12.2739    -4.5845   -18.3361
1054    -9.4858    15.2232   -18.6718
1055   -19.1870     2.6679    10.4929
1056    13.9817    13.6644   -10.6259
1057     8.4335     8.2174   -15.8470
1058    15.9484   -16.4940   -17.8967
1059    -0.5316    -6.3851    17.0165
1060   -14.4969    10.7590     9.7800
1061    -2.9182     1.2543     7.9647
1062   -16.0912    12.6926   -10.6430
1063    13.2725    10.3085     1.4972
1064     2.0014    -9.0561    13.8206
1065     4.7237    -5.6990     5.3536
1066    15.9850     8.9120    18.8256
1067   -18.9831     6.6610    19.2407
1068    -6.6109    12.8379     3.5420
1069    -3.0500     0.3046     9.2904
1070     2.0124     2.3164   -19.5752
1071    -6.7281    16.5123    -0.1556
1072    -4.9776     9.1769    -9.0353
1073    19.6387     1.8024    -7.0174
1074    -9.8154   -11.2876    16.0448
1075   -15.1231    14.4652    -8.0758
1076    15.3307   -10.7187    15.6102
1077    17.8845   -10.3818     1.9868
1078   -19.3530    10.0217    -2.2846
1079    -7.4776     8.3627    -2.7131
1080   -13.6631   -12.7903     6.7660
1081    16.8993   -12.4461    -2.3688
1082   -13.6229    12.3301    19.9414
1083    -3.8569    17.1532     3.3076
1084    -9.1757   -15.6273    14.2955
1085    -6.3936     6.8624    -9.4687
1086     5.0740     0.2509    19.9011
1087     2.8999     7.8939     2.2626
1088    19.8901    15.3478    -8.3077
1089   -12.3093    14.2320   -17.0666
1090     5.8101   -13.6216    -0.6989
1091    12.4900     5.6551     6.3619
1092    14.6300     5.6429    15.1622
1093   -19.1479    17.0312    18.6254
1094    14.2088    14.5628   -18.3825
1095     2.5312    10.0522     7.2372
1096     5.7405    -9.8202     2.4567
1097    13.0125   -10.4221    19.1784
1098    -0.1263    -4.2390    18.4802
1099    12.7732    12.1763     8.6325
1100   -15.2721   -18.7915    15.2428
1101   -15.7836   -15.8336   -14.7179
1102     9.8471    -4.7749    18.9367
1103   -13.1077   -14.3345     1.0468
1104     0.5377    14.4407     8.7179
1105    11.0105    -9.3857     1.8867
1106    11.8210   -10.2426    -4.6260
1107    10.6149   -14.3358     7.0846
1108    -4.6992     2.1259    -7.7425
1109   -14.0098     8.0770   -14.0672
1110    10.8762    13.8047    19.8218
1111     4.9068   -10.5795   -13.7535
1112    -7.0125     1.8427   -15.1866
1113     9.3319    12.8684    15.4149
1114   -16.5209    -6.8795     4.3880
1115    -6.9942    12.2813     7.9452
1116    -5.3072     9.7287     8.8375
1117   -18.9917     6.0579    18.5107
1118    -7.5021   -15.2342    -0.3937
1119     0.0262    12.8208     1.4496
1120    -5.6832     6.9246   -13.5313
1121   -17.5353   -15.4210   -18.4533
1122   -13.0210     2.1760     4.4038
1123   -16.1095     0.8661    11.5513
1124   -11.6172     7.9696   -18.2653
1125    16.4965    19.6057    14.5457
1126    10.4477   -15.9374   -18.5339
1127    16.3390   -17.8417   -11.3279
1128    -6.2520    -0.1068    12.5217
1129    14.0806     5.9334    -6.9137
1130     1.4655     5.9029    -8.2504
1131    -7.2323    -6.5914     2.1857
1132   -13.0479     0.7697    -3.9485
1133    -3.0915   -13.8572    -4.7371
1134    -9.7909    12.7329   -18.1237
1135     9.6518   -18.5119   -14.3223
1136    18.9636     6.4693    11.6379
1137   -15.6224    13.2676    12.4522
1138    -5.1839    12.0420    18.1713
1139     8.2821   -19.4824   -17.0739
1140    19.0551    14.3614     4.4478
1141    13.7767    15.7323    -7.3263
1142   -18.7622     5.4854   -18.9099
1143   -16.4074   -19.4092     3.3210
1144   -18.4216    12.7293    -5.9676
1145   -17.5707   -11.7014    15.2696
1146    -9.6323    -1.8232    -6.2069
1147    -3.1855   -18.1091    15.4918
1148     9.3820     4.6260    -8.6300
1149     0.5487    12.7952    15.6676
1150    -3.8227     4.3062    -1.3984
1151    10.7004   -12.0554   -12.1104
1152   -12.3936    -5.0520     8.1845
1153     3.5249    -7.6632    18.9660
1154    -1.3739   -12.1616    -4.9019
1155   -13.9183    -8.2235   -14.9254
1156     1.6352     9.4467     2.2639
1157    -7.5619     2.8352   -18.8940
1158    -4.9226    17.0434    -6.3814
1159    18.5144   -11.3108   -11.5488
1160    -7.0711    -5.5513   -17.4401
1161    11.5110   -14.4945    -3.6348
1162    13.9903    11.5928    -2.1149
1163    -6.2728   -10.5502    10.2048
1164     6.4962   -13.9586    -2.2040
1165    -8.7362     4.1523     9.9252
1166    14.6153     1.0016    -9.4723
1167   -19.3225   -12.3984     9.1964
1168     3.7654    -2.5605    -7.6681
1169     6.1373    -9.0390    -5.7198
1170    -3.5322    -6.8673    -4.7542
1171     0.9137    14.6812    17.5683
1172    -5.4122    13.3213    13.0686
1173    -4.7053     4.5637     8.2138
1174     2.3115    11.5390   -10.6345
1175    -6.9747    -2.9389   -13.2212
1176   -17.8625    19.8596    -8.9096
1177    15.4027     4.1108    17.1068
1178    -1.6010     0.3778   -19.4690
1179    10.9189   -11.8015     1.8708
1180    -5.5489    19.2163   -18.1555
1181    -5.9078     3.1196    13.3213
1182    -4.2500    -4.3428   -18.7109
1183    -5.3255    10.0156    12.6646
1184    16.3500    -2.7778     7.5716
1185    12.8953     6.8307    -4.5845
1186    -3.8313   -18.4375    -4.6809
1187    -7.2726    -2.8339    10.6748
1188    15.5126    -6.9662   -14.2393
1189     8.3590    -3.1721   -15.0597
1190     6.8001    -9.3991   -10.9592
1191    14.1270    -2.0441     0.4706
1192    -3.5627    -0.5353     7.3702
1193     0.1386     6.6854    -0.4486
1194   -13.0699   -13.6644     2.3823
1195   -10.3732     5.6417    14.2405
1196    -3.9558     2.7973     8.5507
1197    14.7752    -7.6339     1.2128
1198    10.8274     7.4447    12.4168
1199   -19.6472    13.8804    -1.6889
1200    -5.3413    10.7810    19.6594
1201    13.9354   -18.8525    18.2214
1202    -9.6799    -8.1503   -16.3414
1203    -7.2005    -9.9448   -19.6289
1204    16.1498    17.5890    -4.7420
1205    -4.1511     2.8059    19.8108
1206     0.9198    -0.3107    -1.2604
1207    18.8977     0.2643   -13.8560
1208    -9.0524    -5.5257     8.9108
1209    18.7072     6.8172   -17.9125
1210    -4.8177    13.8536   -16.7760
1211    19.9194    19.6728    -5.7369
1212    15.7140    14.8924    16.4623
1213    -5.2449   -10.6735     4.0388
1214   -12.8953    -3.1416    -1.6742
1215    -7.0418   -17.9699    -1.8903
1216   -16.6137     2.7998    11.6135
1217     3.8447    13.6351    -7.6290
1218    11.2803   -17.2094    15.2525
1219    -1.2629     2.0649   -16.6625
1220    17.3840    12.9405    17.4914
1221    15.1842   -12.0603    13.9268
1222   -19.4360     3.0879   -15.0499
1223     9.4931     4.5173     9.8752
1224     3.6787    11.8039    17.9919
1225     6.0469     4.1096    -5.5684
1226   -13.9805   -15.1097    -3.0110
1227    15.6896    13.5765     7.0968
1228    14.5347   -11.9443    -7.3568
1229     6.1812   -18.7976   -17.6830
1230     2.8584   -19.2773   -18.6767
1231    10.3085    16.4452    -9.0182
1232    -2.3872     1.1701    -1.2763
1233    16.6674    17.5280    16.3720
1234   -13.8316   -11.7392   -13.2786
1235     9.4760    14.7972    -8.0453
1236     4.2366    -3.0024   -15.5943
1237    11.9907    -5.0594    15.9691
1238     0.1410    -1.0883     9.5529
1239     8.1515    17.8869     2.1870
1240    10.5344    -0.9345    -3.3406
1241    14.0538    -0.8197    12.6267
1242     4.5735    13.9866     6.7452
1243   -10.3378    -8.9718    -8.9035
1244     5.2278   -15.6993   -12.3264
1245     6.9015    19.9622   -18.3593
1246   -17.6208   -12.8062   -13.3885
1247     7.8048    -6.7623    17.8076
1248    -2.1894    11.9834     3.5420
1249     0.8966    14.5775    -7.4447
1250    -8.1234    -7.7853    11.3340
1251   -19.7253    -2.2492     9.3075
1252   -19.1259    -5.3755    -1.0346
1253    15.0926    -1.2201    17.1960
1254   -12.4265    14.1026     4.8152
1255    12.1836   -10.8164    -6.9381
1256   -19.6948    -0.4193   -18.2775
1257     6.5706     8.6666    -5.9566
1258    -6.7611   -16.7406    -0.2960
1259     8.3895    -8.9059    -7.1749
1260   -12.8501    -9.9094    10.6491
1261    -4.5283    -2.6667     7.6840
1262    -9.0255    10.7517    -2.7204
1263    -6.5767    17.6696    16.4171
1264   -15.1573    14.5347    -9.1147
1265    14.4810    -9.9484   -17.9162
1266    -9.9423     3.6848    -6.0079
1267    17.7282     3.3100   -15.8177
1268   -14.4017    -7.3653    -9.8508
1269    11.5220     1.6999   -13.5557
1270    -0.6977    19.4311   -11.6025
1271   -11.0190   -16.1376   -13.0711
1272     9.6786   -12.6292    19.7595
1273    14.4005     0.2167    -7.6168
1274     6.6805    17.4071     2.2175
1275   -12.7500   -16.7687     2.0478
1276     1.3044    -8.6593     4.1804
1277     6.1470    19.8181   -18.8049
1278     9.9655     7.2030     9.3063
1279     2.7216    -0.8649    16.5941
1280    14.9644    -3.6775     2.8388
1281    19.8218   -12.2654    -0.0543
1282     2.1308    11.7808     6.2471
1283    14.7533   -18.2470     6.0726
1284   -14.1429    14.7960     7.9513
1285   -18.4887     8.2052   -14.8704
1286    -4.7212     4.4942    -1.6498
1287    -8.9853    -0.9821    -2.3225
1288    18.2250   -17.8381   -17.8918
1289    10.2939   -12.5047    -7.3263
1290   -13.1773    -1.2995    14.7765
1291     5.4537     2.2895   -13.2701
1292   -14.6727     8.4225    19.3945
1293   -16.1132   -16.3231    13.0064
1294    -8.3126     8.6886     6.5621
1295    13.8316   -13.8243    15.0755
1296    14.8180   -11.9492    13.7523
1297    -1.2287     4.9226     9.9582
1298     4.2817   -19.3103   -18.7158
1299     5.5953    -3.7519   -19.8315
1300    13.2334    -3.1697    -1.6218
1301    13.4983     0.0678     2.2443
1302    13.9781    12.7207   -11.8845
1303    -9.1696    18.3813     3.6433
1304     3.4089     4.3831    19.8791
1305   -16.0436     5.1875   -13.7291
1306    17.8613     1.9953   -12.9868
1307   -18.9673     3.5017     8.0453
1308   -11.4963    11.1582    -9.0670
1309    19.3567   -10.0583    -0.9796
1310    -5.5025    -1.3276    15.8092
1311   -17.5365   -18.5290    10.5515
1312    -3.5627    18.6254   -14.7618
1313   -12.3594     7.4313    -0.2350
1314   -17.5390     4.6797     8.9315
1315     0.8307    -2.1479   -17.6281
1316    18.4558   -18.5876    18.4594
1317    19.1198    -8.6776   -10.6418
1318   -12.6194    16.3646     1.5241
1319    -3.9448   -12.6719   -17.3815
1320    15.5882    -9.8361    18.9428
1321    17.0495     3.9863     5.8602
1322   -18.7487     9.7201    -7.2982
1323   -14.1465    -2.4995    15.3648
1324   -13.2469    -6.1776    -8.0453
1325   -16.0814    -0.5951    15.2257
1326    -2.2382   -13.0515     1.6999
1327    -3.0903    -3.1599    -1.3349
1328    -7.7486    -9.8495     1.1798
1329    -7.8121   -15.4100    15.8422
1330   -12.6145   -16.9066    -9.3442
1331   -17.6366     0.5158    14.2808
1332     6.3887    -6.8282    11.2314
1333     8.2186     3.2746    15.6236
1334    -4.0071    -8.4945   -12.2019
1335     4.3928   -12.1262   -13.1516
1336    13.0064   -13.6607    14.9388
1337    -1.8171   -14.3931     0.4523
1338    10.7224   -13.1175     4.7566
1339     0.6098   -14.6959     1.2653
1340    17.6391    10.1474     9.1330
1341     4.6455     7.6278    -7.3165
1342    -3.1330     4.6382     1.7768
1343    -6.9637   -11.7563     7.0138
1344    -9.9265    -7.0602     2.7216
1345   -17.3742     4.2451    -1.5119
1346   -10.4624    15.3563    14.5689
1347    18.4240    16.0778    -1.8024
1348    11.0422    -6.3143   -19.2468
1349     3.8423    -0.5097   -17.2362
1350     3.8313    -6.9405    16.5514
1351    -1.3752    13.6766    18.0322
1352    -3.2002   -14.5506     8.2699
1353    17.9223    17.7770    -9.6115
1354   -12.7415    -3.9290    -9.7702
1355   -10.1828    13.3226    -3.4712
1356    -4.6382     8.3139    -2.3432
1357    19.3078    19.9365    -7.4630
1358    18.2116    19.1931   -18.5278
1359   -10.7089    -9.2172    10.1474
1360   -11.8882   -19.4934     3.2759
1361     8.6239   -12.2434    16.8358
1362    14.1661    -4.0339    10.4196
1363    18.5717   -10.7321    12.1311
1364    -9.4382    -3.5090     7.0968
1365    -2.7607   -19.1968   -19.9133
1366    -6.5731   -10.2377    12.7879
1367   -18.3886   -14.9705   -17.6818
1368   -14.0037     0.7331    19.1076
1369     3.7861     9.2404   -17.6623
1370    -5.8797    -7.5497     5.3194
1371    16.8285   -11.6453   -14.8631
1372     5.7674   -14.0440    16.2328
1373    11.3804   -13.5801     1.0053
1374    14.2125     9.3893     9.1134
1375     1.6974    13.7010     4.5662
1376     9.9643     4.5711   -16.4794
1377    -5.7002     5.0020   -16.1608
1378    -3.7178     9.5029     4.5967
1379     8.6923    12.7073     4.7896
1380     2.2382   -17.9284   -18.6511
1381   -17.1398     0.3143    -0.5231
1382   -19.1711    19.1821    11.9016
1383    11.2912     3.8716     5.3133
1384    -7.4850   -18.8647   -17.6147
1385    -4.7554     4.7554     4.2976
1386    11.8271    18.7634    10.3598
1387    -1.1823    12.5950    19.2785
1388     1.3385   -14.8350     2.0783
1389     5.0423    16.9396     4.3843
1390    -1.7011     0.3339    -9.0890
1391    -1.1432    15.3783     3.7288
1392    -0.3827    10.0522   -13.6009
1393    13.2273     9.3722    11.2888
1394    -4.3342     5.6233    15.1341
1395     6.0042   -18.0920    -9.4137
1396    17.5024    12.8721   -19.3872
1397    -6.6390    18.3886    10.3940
1398    -9.3966   -17.2875    14.6764
1399    -4.3208     8.7814   -12.9270
1400    -3.8374     6.3033     2.8071
1401    18.7255     0.0983   -19.4079
1402    13.1651     0.3290     4.8262
1403   -18.2104    -1.3776    14.3394
1404    16.2023     7.4813   -14.0696
1405   -19.8267    -3.8850   -15.9496
1406    19.9207    18.4606     5.9725
1407    16.9518    -1.6608    -6.9576
1408    -3.5505    -9.9289    12.1201
1409     3.4321    12.7769     4.7945
1410    11.8625    -5.9371   -13.3006
1411    14.0489    10.2719     4.6382
1412    16.9213   -11.7185     3.0085
1413    14.5994    -2.3457    -5.1228
1414    -9.1708     0.5805     2.2883
1415     7.8719   -10.0241    -2.8901
1416    -0.3607     1.5864     9.8361
1417     2.6032    -2.9389     6.8746
1418    18.1884   -19.9524     2.3371
1419    15.5797     4.4111   -16.0875
1420   -18.8806     8.9010   -12.9575
1421   -12.6389    -1.6645    -8.5409
1422    19.5386     6.5328     1.2922
1423    -5.2620   -15.7518     4.8701
1424    -9.7690   -19.0405    -6.8441
1425     2.3945   -19.3628    18.8012
1426    -0.8185    -0.3644     5.6099
1427    17.7001     4.0913    17.7636
1428     5.2058    -0.3510   -17.3315
1429   -19.3640    -1.9916   -17.4548
1430   -11.8992     6.8343    -8.6959
1431     1.0407     4.3159   -10.6149
1432     3.5334    13.0393    12.7061
1433    12.2105    18.4484   -14.8753
1434   -10.7871    -6.6012     5.6490
1435   -11.1557     8.3236    -5.2034
1436    18.5009    14.8692   -11.8186
1437   -17.1068   -17.2448   -16.8603
1438     3.6323    18.6413     6.7586
1439     8.5543   -11.0910    -6.4742
1440    16.1229    17.2448     9.2489
1441   -17.9553     6.8966    11.5769
1442     1.6987    17.2314    -5.1851
1443    18.1555    -2.4506    11.4829
1444   -13.7913     5.2730     4.7468
1445     8.7387    -8.3847     5.5953
1446     2.5300   -15.6468     8.6813
1447     3.4358    -9.7006    -2.6826
1448   -18.6755     2.4177    -4.5869
1449     4.8299     3.0818    18.6547
1450     5.8235   -16.5648   -18.3398
1451   -15.9252     4.1121     1.9880
1452    17.3913    -4.7102    -9.3722
1453   -16.2413     8.2955    15.7054
1454    19.6948    15.2037    -9.8520
1455   -12.6865    -2.7326    -9.7201
1456     9.6738     6.6597   -17.5964
1457     3.7715     9.0072     0.2216
1458     8.2565     6.8197     8.9084
1459   -12.0554     7.7206    13.0247
1460    17.9235   -14.5933     0.4047
1461    -5.6307    -2.1003    13.8011
1462     2.7436    -0.1520   -13.2359
1463    -6.6134   -16.9311     8.7753
1464    14.3858     2.1809    11.7246
1465   -15.3001   -19.2004     7.0992
1466    -0.1288    -4.2085    -3.5884
1467    -7.4105    15.9227     3.6897
1468     8.4762    19.5166   -10.8164
1469   -17.3473     8.6398     0.8417
1470    11.2351    17.9675    -7.8732
1471   -12.4888    18.4082    18.3520
1472   -18.1750     5.1411    11.8931
1473    13.4117   -17.0629    15.6615
1474     7.4618     8.4494     9.1256
1475   -14.0770     9.5700    10.3146
1476   -12.5217    17.2558     1.8256
1477     6.2032    18.5571   -10.4868
1478     0.8832    -1.1469    18.2958
1479    14.3016     9.4040     1.0834
1480   -13.0235    -9.5065     0.1654
1481    -1.9904     7.4569     1.4264
1482    10.4685    13.6802    -9.9203
1483   -10.4672    -6.7110    -3.6946
1484    19.0869    11.3559   -12.8404
1485   -17.0275     7.2384   -19.6838
1486    -7.2213   -14.9937   -18.7451
1487   -11.7832   -19.4433     7.9171
1488    -6.0897    11.8296   -10.7492
1489    -3.7446    18.1774    17.6513
1490     2.6875    17.2460    -1.6596
1491    -7.7230    -9.0487   -13.0149
1492   -13.8499   -10.0217    -2.7937
1493     1.1127    12.5425   -17.3351
1494   -12.3936     0.7318    11.3999
1495     9.6640   -17.2753    16.0155
1496     1.2506     6.2215    -0.9687
1497     7.9037    19.9207    -1.0724
1498    -1.0041    -7.1126    -8.0148
1499     8.8778   -13.8621     9.4443
1500     8.1893   -15.9325    11.3889
1501    -6.1812    12.3093     0.9748
1502   -15.1329     5.7259   -11.0178
1503     6.0799   -13.9171    -8.8986
1504    12.6499     4.0657    13.2823
1505    12.0505    -7.2738     9.7739
1506   -12.9295    18.4130    -3.9314
1507   -16.4843     7.6119    -2.6276
1508     4.3513    -0.3119   -14.2405
1509    19.1748    -8.9169   -14.2381
1510   -12.9099    13.6766   -15.4027
1511    18.0370    -1.9025    -5.1973
1512    -7.7499   -16.0692     1.3849
1513     9.4772    11.0752    18.2263
1514   -15.8983    16.7858    15.5919
1515    18.4265    -0.2142   -19.0832
1516     1.3923    -4.6321     7.2152
1517   -15.0072    -8.1661   -10.2634
1518   -10.9433    15.8556     4.6455
1519    10.3281     6.4925    16.9897
1520     5.1582    12.3972     5.0533
1521   -10.0070   -11.8979    -5.5623
1522    -1.4826   -17.7697    13.4678
1523     7.4837    -1.8122     1.5131
1524   -13.3641   -15.5516    -7.2860
1525    18.6682    -7.3312     8.8937
1526    -7.9806   -10.2927     1.8000
1527     8.0624   -12.7793    13.1272
1528   -17.0922   -11.1032    10.0497
1529   -15.2208     4.8213    14.2711
1530    16.6979    11.3193    -6.5035
1531    -5.1936     9.9374    -8.2614
1532   -14.0526   -17.5781    13.4996
1533     2.0051     8.5604   -11.3950
1534     2.9194    -7.5460    -9.5236
1535    -2.2358    17.4340   -13.3885
1536    -6.0628    -4.4295     2.8999
1537     3.7349   -15.6615     7.8866
1538    14.6959    19.0625   -11.6697
1539    18.3471    -0.7941   -19.8523
1540     6.7013    -0.7208     4.3135
1541    -8.9230    18.0566    -5.2779
1542    18.6023    19.6753   -12.6939
1543    -6.5401    13.4422    -3.8765
1544    19.0490    12.0945    12.6182
1545    17.8149    -8.9254    -6.6585
1546    -5.0410   -19.9902    -7.5570
1547    -1.5217    17.6916   -18.8745
1548     5.7454    -3.1501    17.6183
1549     1.0614    -4.9983   -10.3415
1550    -4.9580   -11.0898    16.5966
1551   -12.2251    13.6949     7.9574
1552    -8.1173    -4.4612    17.4206
1553   -13.6204    -5.0166    -4.8164
1554     8.0428    14.3443     0.0970
1555    -8.3993     0.0848     9.7226
1556     2.3798    11.1509   -17.1838
1557    -3.9119     5.2632    13.4935
1558     1.5571     8.2528   -19.1931
1559   -11.9724     6.7428    -6.6195
1560   -15.6151     5.2022    -3.5542
1561     9.5370   -19.2334     8.0428
1562    -0.6696    -1.0358   -11.6855
1563     8.7265   -15.4637   -18.4997
1564    16.3158    -0.2753    10.4648
1565     4.0779     8.4384    10.0546
1566     0.0275     9.9399    -3.9839
1567    17.3229   -15.7945    -9.0341
1568    17.2790    12.4570     6.4791
1569     5.4854     2.1003     5.2254
1570     0.7575   -16.4086     4.8457
1571    -0.9259    -1.8696    17.3827
1572    -9.3503    13.9879     1.4985
1573    -3.4101     4.5796    18.0248
1574     9.1208   -11.0544    -7.6144
1575     0.6415    18.7475    13.9415
1576    15.5260    -4.4002     3.6592
1577    -7.1432   -19.1552    -7.6913
1578   -12.4790    11.8601     1.1335
1579    -1.3349     7.3507    -6.5145
1580    19.8303    16.5722     1.4472
1581    13.6680     5.9139     7.0260
1582    13.4971     6.5853    19.6387
1583    15.9435     7.0370     2.5300
1584   -11.1985    -0.3156    10.2072
1585    18.0627    11.2705   -14.2650
1586    -0.1923   -12.5974    10.2927
1587     3.9180    13.5447    15.9777
1588     2.6276   -16.3317    19.6521
1589    13.6766    -6.4437    -1.2824
1590    18.0444    -0.9101    17.5158
1591    -9.7470    -2.2773   -18.7011
1592    -3.0366     1.3727   -13.8572
1593     7.6351     9.2709    -3.5957
1594     9.5041   -15.0450    -9.9350
1595    10.2365    13.4019   -19.0918
1596     0.1019    12.3716    -6.5120
1597     8.1515    19.2383    -7.1114
1598     7.0833    -8.7814    11.2546
1599     0.7575   -15.6017   -18.5034
1600   -19.4836    18.7805     6.0018
1601   -14.4261   -13.4129    18.2665
1602    11.9248     6.4473    10.7993
1603    15.6127   -15.5846    19.0637
1604    18.5717    -6.9771    17.5817
1605     1.6413    12.0127    18.5498
1606     8.5958    -5.1582    12.0566
1607   -19.1040     3.5749     8.4030
1608    16.0875   -13.6900   -19.4482
1609    15.6883    -9.9765   -18.0834
1610   -17.4804   -17.9113   -11.5891
1611   -10.7895    15.3526   -14.2015
1612    17.5829     6.5560    -1.9733
1613    16.5514     9.9875    -9.9692
1614   -16.5636    -7.4593   -17.4511
1615    -8.5397    17.6440    13.6668
1616    -3.1172    -5.4903     3.5224
1617   -11.0630   -14.3358    -6.8050
1618    18.6071    16.4769     2.3627
1619     4.9690   -18.2775    -4.1060
1620   -17.1227     6.8368    11.6086
1621     2.9853    17.0324     8.0758
1622    19.5581     6.1934   -12.7366
1623    16.6820   -17.1508    -7.3470
1624    18.1726    14.9034     3.3088
1625    15.7836     8.0978    16.7675
1626   -13.9244    -0.3253    -1.3800
1627   -19.8132     6.2520     3.3894
1628   -15.6346   -11.9895    10.0192
1629    -6.4083     4.5027   -14.0745
1630    -8.7777    10.5795     8.0966
1631     5.3267   -17.7392     6.7891
1632   -12.2556   -10.1596    19.6997
1633   -16.4782    14.6275     4.7310
1634    -8.8827   -16.6820    -2.3737
1635    19.1247   -15.6615   -13.5691
1636    19.0881    -3.1550   -10.9275
1637   -16.5917    17.9626     0.4291
1638     3.2295    11.9614   -15.2196
1639    -3.2051   -16.2658    10.9043
1640   -18.6145     7.3434   -14.4053
1641    -1.3581     4.5003    -9.7983
1642    -3.0598     1.7048     7.2738
1643     1.5900    14.5408    17.1178
1644    -0.8124    -9.9265   -17.0666
1645    14.7032   -11.1069     8.1198
1646   -19.8767    11.6904     0.3595
1647    12.2092   -17.1142     5.5733
1648   -16.6588     0.9442    13.7242
1649    -5.8480     3.1184   -14.0904
1650   -14.5152    17.8832     0.8698
1651    16.5429    14.0257    16.3390
1652     4.8799    16.7394     3.3271
1653   -13.1834    11.4206     6.3204
1654     0.4242    14.7899    11.6453
1655    -9.4943    11.0581    -5.5354
1656    11.7881    14.5311   -11.6379
1657   -18.0615    -8.7411     7.7950
1658   -15.8495    -5.2498     0.1019
1659     0.6769    -0.9491    -6.3790
1660     2.4201     5.5379     3.7593
1661    -8.9853     4.0303    -0.7636
1662    15.8361     3.5578     4.6944
1663     9.5370     8.2907   -13.3226
1664   -10.6992    -7.8072   -17.9455
1665    -9.8984    19.2956   -16.4037
1666    -2.4934    11.1521   -16.9860
1667   -17.9809    -9.5688    11.9797
1668   -12.9270    -2.8388   -11.2619
1669    10.3195    -3.7141     9.0426
1670    -4.5271    -3.8472    15.2794
1671    -7.8439     1.2873     4.0925
1672    -1.6730    13.0638    17.3302
1673     5.3023   -13.5875   -13.5496
1674     4.0120   -17.0385    16.9701
1675     8.5287   -15.9948    -2.2553
1676    -8.9193   -18.3544   -12.0054
1677   -15.6383     0.5512    11.9822
1678    15.0731    -9.8056    14.3480
1679    17.3193   -13.6119    13.7132
1680     1.6449    11.1643    13.4190
1681     0.1019     4.8323    -6.5181
1682    17.7404   -10.8103    16.6222
1683     1.6767   -13.8975    -4.5772
1684    -3.3699   -19.2907    15.6944
1685    -0.7746   -11.2949    -0.5402
1686    11.2204    -8.6483    18.5009
1687    -3.8313    -2.4665   -14.9962
1688   -12.1580   -19.7546    -2.0234
1689     5.3121   -10.9799     9.3991
1690    15.0902     3.0659     6.8856
1691    15.0560    -5.9822   -12.4680
1692    -6.1763    15.0987    14.6593
1693     2.2846    13.8633     4.1377
1694     0.5609     6.9417   -14.5457
1695    -6.8587    -0.7660    -7.7560
1696   -18.2202   -16.3622   -16.1986
1697   -12.6658   -10.0827    -4.9141
1698     6.5108   -11.8613    10.8982
1699    17.9638     1.4728    -0.5560
1700   -16.3500    -3.0683   -14.4090
1701     2.0515    -2.9096    11.0215
1702     4.0266     4.5173    14.5164
1703    -7.9537     4.5442     1.8647
1704     0.0641     9.0854    -9.4479
1705    10.5039    -5.8492     1.1994
1706    13.2188    -0.6330     2.9963
1707     3.9985   -10.9104     9.2331
1708     5.9481   -12.9551   -18.7158
1709    -6.9796    19.1333    -6.4376
1710    -3.9534    -4.5332    12.0444
1711   -12.8294    18.0236   -15.2086
1712    -8.4896   -11.4023    11.4634
1713     4.4343   -11.7441   -13.2420
1714   -11.0874     9.2172     6.6829
1715   -15.3429    19.8633   -17.4841
1716    -7.6229    17.3327     5.8480
1717     5.5135    -2.8803    -5.2510
1718    -1.2299     3.6055   -18.0773
1719    -0.6342     3.7117    -6.2056
1720     2.6142   -16.7101     5.0703
1721    16.3634     7.8951     2.7412
1722     6.4974    18.7512    17.5915
1723   -12.0774    -0.3815    -7.7010
1724     4.3892    -1.9098    18.9221
1725     0.5170   -13.7034    13.1980
1726     1.2873    -1.2323   -18.9685
1727    17.1496    -1.9086     5.8260
1728     8.0245    13.2310    -8.0782
1729   -11.5098    12.0701   -19.3249
1730   -10.1987    13.7230    -8.5385
1731   -18.1359   -17.5109   -16.1815
1732    16.1925    -9.6359     4.8958
1733     9.5322   -13.2652    14.2467
1734   -16.1571    -4.5967    19.7107
1735   -17.2143     8.0648     9.3661
1736     6.0030    12.2752    16.3085
1737   -19.6716   -17.6476     6.2374
1738    -9.7079     5.6758    17.1020
1739     3.2258   -18.6145   -15.6151
1740     2.7253     3.2917   -12.8684
1741    -0.5817    15.0560   -13.9439
1742     7.0589    -3.8313   -12.7732
1743   -16.6039    13.9146    16.7699
1744    18.9050   -12.0762    12.9673
1745    -3.9558     7.0943    -2.1589
1746     8.7997    -1.9684    -5.6404
1747    11.0215     3.4590    -1.7682
1748    12.6194    -3.5603   -12.8208
1749   -17.7685     1.1457     0.6940
1750     6.1531   -19.4763     2.2541
1751     7.0406    -2.7229     1.6059
1752    -1.3666   -13.8462    18.8122
1753    16.7980    -9.3551    -9.7665
1754     2.2333    -2.8156    17.0959
1755   -14.8704    -9.4308   -13.6497
1756   -13.8255     7.1603     8.9962
1757    10.0766   -10.1242     0.2338
1758    10.1535    18.3251   -11.6709
1759   -16.1876    -5.8907     1.0028
1760    -2.8779   -18.7292     9.6481
1761    -1.9086   -12.4204   -16.9115
1762    -4.7029   -11.4023   -18.8586
1763   -10.1120   -15.2367    11.3413
1764    -1.6779     2.9194     8.1637
1765    14.9400     7.8256   -12.1506
1766   -13.8780   -11.5891    -5.6734
1767    -8.0587    12.6597   -17.0067
1768     1.7963    10.7480     1.8915
1769    -7.8866     1.9062    -5.3999
1770    17.2167    -2.1052    17.2839
1771     2.6862    -1.2653   -12.7451
1772     6.5975    18.6584     6.1104
1773    13.5447    -5.0093   -16.0961
1774   -11.6257   -17.7868    19.9268
1775   -11.1240    16.4342    -1.1432
1776    -3.9570    -4.9312    19.2859
1777    -4.9202    11.2949     0.0787
1778   -16.5538    -3.0464   -10.7846
1779   -12.4436    -8.7069    -5.5647
1780   -15.8959    19.1198   -10.6748
1781    -2.8144     1.5143   -12.9502
1782    12.6926    -7.6669   -13.9146
1783   -12.6170    12.1665   -19.5398
1784     4.6785     2.5764     4.6223
1785    -0.4218    16.2877    -4.4612
1786     2.4030    15.0011    16.5184
1787    13.7742   -12.1616    -0.6366
1788    -2.5080     6.2032    -6.4156
1789   -13.4214     9.3979   -19.6838
1790    -4.4539     6.1470    10.5014
1791    -3.3589     2.7863   -17.3876
1792     4.4185    -0.6854    -3.5383
1793    11.9114    -5.4781   -13.6998
1794   -12.8318    14.7081   -17.3754
1795    19.4458   -14.1771    19.5044
1796   -10.0876    11.3059    13.1614
1797    11.7026    19.2199   -17.7905
1798    -1.6840   -15.6102   -11.9175
1799     8.3334     5.3902    -9.6066
1800    19.3506     3.8679    10.8469
1801    -5.5586    -0.0482   -19.4250
1802    12.2214    13.2786   -12.2092
1803   -19.8987     5.2278    13.1443
1804   -11.0007    12.6646    15.0475
1805    16.6393     1.8586   -17.1984
1806    16.5062     4.7615    -3.5786
1807   -12.2593    14.2064    11.5098
1808     1.3935     7.2103   -11.9736
1809    12.9380     7.0602   -11.9297
1810    15.1488     8.5495   -12.9405
1811     2.3005     4.0229    14.2418
1812    19.8315    17.7013    18.1774
1813     9.4259    -4.7896     4.8238
1814    13.9659    10.5087     6.2593
1815   -10.1608   -11.4353    13.6314
1816    15.7787    17.5488     4.1719
1817   -11.0886   -19.9182   -16.4318
1818     3.3650    -9.9216    13.2347
1819   -17.7941    18.6425    -7.7340
1820     2.9011    -9.6347    -2.3615
1821    16.8896   -14.0965     9.7641
1822   -17.8942     4.0229    16.9518
1823     0.3876   -14.1295   -13.2627
1824    11.5036    -9.8386   -11.9053
1825    16.9677     7.2237    -4.4661
1826     5.8357    -4.7554   -15.1549
1827   -10.8029     9.4491    -2.9548
1828    -2.9133   -16.5197    13.9000
1829     4.4966    16.0253     8.9608
1830   -15.8751     5.4402    16.9457
1831   -17.9724    -0.4340    10.4636
1832    16.8175     2.2504   -17.0312
1833     7.1456    19.8767    -0.2985
1834     9.7909    10.3330    19.1223
1835    14.4505    11.2082   -11.3962
1836   -12.3814    -3.9167     7.0186
1837     1.1945    -5.1717    19.6912
1838   -15.7836    16.2267     9.2416
1839     5.3719   -17.8991     6.4388
1840    -0.3265    -7.2237    -6.9527
1841    12.2629    16.8419    17.6672
1842     2.4482    -3.3625     9.9533
1843     4.5381   -11.4499    -7.9843
1844    19.0478    -4.2280    15.8702
1845   -10.7443    15.4649   -13.7303
1846   -18.2031   -12.2288   -18.1347
1847   -14.8985    12.9087    15.6371
1848    -6.7879   -12.6914    15.3807
1849     0.2570    -6.4547   -19.5154
1850    -2.2748     1.5497    -9.1342
1851   -19.9756    -3.5542    17.2362
1852    -6.7867   -13.9537   -17.6415
1853    -0.8771    16.6918   -13.8560
1854    10.7224    -5.0093   -16.6649
1855   -18.9404    11.3608     0.7111
1856     6.2203     7.8671    16.5319
1857    -8.4652    16.2597    -2.7338
1858     7.9672    -5.3475     2.9902
1859    -0.9442     5.6685   -16.0448
1860    12.2190    -1.3446   -19.3567
1861     9.2502   -10.4013     0.9809
1862     3.5005    14.9120   -16.8688
1863   -15.6566    -5.2522    13.3482
1864    -1.3984   -12.2385    14.3065
1865     1.3105     1.3190   -11.2375
1866     0.6574   -11.1850   -11.9773
1867     5.9529    -6.7342    11.4414
1868   -13.6106    10.9372    -8.6496
1869    10.9482     9.3210    12.7659
1870     0.5219    -9.7324    -2.8339
1871   -11.6001     1.2470     6.6036
1872     1.8488    11.4463   -15.5431
1873   -13.0491    -0.6610     5.9664
1874     0.1422     6.2886   -13.7938
1875     4.8091    18.0322    -6.6268
1876   -12.7500   -11.8357   -19.2065
1877    -1.7719    11.7600   -15.1048
1878   -15.7335    18.0993    -1.7524
1879   -14.8863    -2.1186    12.2507
1880   -15.4894    -0.6500    -7.5838
1881     0.3241   -15.5602    -6.2996
1882    14.3443     9.7946    -0.7123
1883    -1.9184     0.9687    17.7013
1884   -14.5116    10.8896     5.1973
1885     2.6460    -4.6956     8.2748
1886    18.5327   -16.6649    11.5574
1887     5.9139    13.5032     3.1184
1888   -17.3412    -2.2675    -9.9973
1889   -14.8668   -11.5427    -0.7794
1890   -13.5154    -1.3752    -1.5070
1891    10.1852    10.7614    -8.5238
1892    13.9305     7.2872    19.9084
1893    13.1419     7.5484    12.4009
1894    12.6450    -2.5983    -4.8921
1895     7.8512    16.7479     0.4450
1896    15.3587    -6.4827    -2.8523
1897    19.2700   -19.8328   -14.2027
1898    11.8039   -10.2707    -2.5056
1899    -3.9131    14.2442    -9.2965
1900    -4.5027    10.4953    -6.3814
1901   -19.1076    -2.9963     1.4679
1902    -9.3161     1.8012   -14.7777
1903     4.7053    19.0124   -13.7877
1904   -14.8631    14.1465   -11.3889
1905     2.1528     9.5065    11.3193
1906    19.2761     3.8179    -9.6200
1907    -5.1009    11.8699    15.1805
1908    -3.8118   -19.0381     7.5875
1909   -10.8542     9.8288    15.4564
1910   -14.3028    16.7150   -13.0027
1911     3.0708     2.4213   -19.5080
1912     3.4529    -7.5887     5.7015
1913   -12.9283    16.7797    11.8784
1914    -1.6742    16.4440    -5.3792
1915     8.4750    -1.8244   -11.6611
1916   -16.9616    -6.2069    19.8535
1917   -11.9285    11.5390    16.2243
1918    -1.0749    -5.4036     9.7702
1919   -16.5465    -7.2042     3.7935
1920   -18.8379    -3.6897    12.9930
1921    -1.4655   -13.1077    -9.6286
1922    10.5576    -5.8956    -0.9601
1923     4.9959   -12.7427     2.0978
1924     7.0943    -8.9145    14.4542
1925    14.5994    13.7315    18.6035
1926   -15.9935    -1.2384     7.5912
1927     6.3668    -2.3762     4.4014
1928     3.9924   -16.1193   -19.9573
1929    14.6080     8.5641    10.0937
1930   -13.5386    15.3343    16.7833
1931     7.5765   -16.7663     6.6988
1932    11.3791    19.2798    15.6505
1933    17.2668   -14.2015   -13.5069
1934    16.2169   -13.0149     4.6931
1935     3.4187     9.0219    -9.2758
1936    13.0052     3.0525   -11.8809
1937    -5.7405    -1.4582    -6.6756
1938   -12.8587    -3.2038     3.2844
1939   -12.1543    15.7189   -14.4505
1940   -16.1412    -8.4994     7.1407
1941     6.0628    -8.3468    13.9586
1942     6.6683     0.0946     5.9566
1943    13.4129    -8.2882     8.6361
1944    -9.9338    -3.5176     1.9062
1945   -10.2915    10.8286     4.9275
1946    11.0300   -15.6224    -0.7611
1947     4.5528     0.2838    15.0780
1948    15.4234    14.9034    -3.7214
1949     7.2665    -8.5617    -8.6898
1950     1.5387    -4.4404    12.3801
1951   -16.5636    15.9899     3.8191
1952     8.3224    11.4048   -13.7681
1953   -16.2401    10.8921   -19.0564
1954   -14.3956     9.2856    18.5669
1955   -12.8501   -16.0656     9.5590
1956   -17.1654     3.0097   -16.7040
1957   -16.7016   -11.7454    -3.7825
1958   -13.7107     6.0921   -18.4521
1959    14.9596    15.6883     9.1122
1960   -12.3435    14.4700     7.7865
1961    12.1580    -5.1070   -17.8124
1962   -15.8861   -10.8676     1.3862
1963     4.3953    15.5785    -9.0243
1964    16.7186    13.0638    -4.4795
1965    -2.4384    -0.1239     9.7848
1966    -5.1155   -16.7650    13.1053
1967    14.9229    11.1484    16.8480
1968    -4.8323    -8.4042     1.8366
1969    10.9226    13.8987    12.8330
1970   -12.7122    -5.9590    -8.0197
1971    17.9369     1.4826     3.8496
1972    -5.4878   -11.6367   -13.4104
1973   -15.7213    15.4662    -2.3444
1974     4.0022     5.9615    -0.7843
1975    -8.1649    -2.8108    16.2011
1976    10.6333    12.8037     3.9485
1977   -11.3071   -16.9018     4.0120
1978    -9.9374    -2.2712   -18.2360
1979     0.9174   -14.2405    -4.9055
1980    18.4521   -14.3858     0.6757
1981     3.3454    17.2985    -3.8960
1982    12.2629    14.2613   -19.9622
1983    -3.1318    16.0802    -4.4697
1984    -3.0195   -17.9345     6.7037
1985     4.0828    -3.9692     2.4140
1986    13.2981    -6.3900    17.2594
1987   -18.4399    15.8263    18.8513
1988    -1.4753     7.2689     1.7011
1989   -19.8303   -12.5230     3.1257
1990   -15.5565   -12.2605     4.1963
1991   -10.0534    15.5004   -10.2756
1992    -4.2439    -7.8524     1.4203
1993   -11.9956   -16.2035     3.8667
1994   -19.5080    -4.1194    13.0540
1995    11.7673    -7.1334     6.3387
1996   -19.5495    -1.1347     7.5570
1997    10.5173    19.6558    -5.4659
1998   -19.3005     9.2123    14.2393
1999    -9.1549    11.5146    12.5425
