ТЕСТ НА РАНГ МАТРИЦЫ

Исходная матрица:
 7.000000e+00 1.400000e+01 3.500000e+01
 7.000000e+00 1.400000e+01 3.500000e+01
 1.400000e+01 2.800000e+01 7.000000e+01

new eps = 3.000000e-15
Матрица ступенчатого вида:
 1.000000e+00 2.000000e+00 5.000000e+00
 0.000000e+00 0.000000e+00 0.000000e+00
 0.000000e+00 0.000000e+00 0.000000e+00
Ранг матрицы: 1

----------------

Исходная матрица:
 7.000000e-15 1.400000e-14 3.500000e-14
 7.000000e-15 1.400000e-14 3.500000e-14
 1.400000e-14 2.800000e-14 7.000000e-14

new eps = 3.000000e-15
Матрица ступенчатого вида:
 1.000000e+00 2.000000e+00 5.000000e+00
 0.000000e+00 0.000000e+00 2.775558e-17
 0.000000e+00 0.000000e+00 5.551115e-17
Ранг матрицы: 1

----------------

Исходная матрица:
 7.000000e-17 1.400000e-16 3.500000e-16
 7.000000e-17 1.400000e-16 3.500000e-16
 1.400000e-16 2.800000e-16 7.000000e-16

new eps = 3.000000e-15
Матрица ступенчатого вида:
 1.000000e+00 2.000000e+00 5.000000e+00
 0.000000e+00 0.000000e+00 0.000000e+00
 0.000000e+00 0.000000e+00 0.000000e+00
Ранг матрицы: 1

----------------

Исходная матрица:
 7.000000e+30 1.400000e+31 3.500000e+31
 7.000000e+30 1.400000e+31 3.500000e+31
 1.400000e+31 2.800000e+31 7.000000e+31

new eps = 3.000000e-15
Матрица ступенчатого вида:
 1.000000e+00 2.000000e+00 5.000000e+00
 0.000000e+00 0.000000e+00 0.000000e+00
 0.000000e+00 0.000000e+00 0.000000e+00
Ранг матрицы: 1

----------------

Исходная матрица:
 7.000000e+00 1.400000e+01 3.500000e+01 7.000000e+00
 7.000000e+00 1.400000e+01 3.500000e+01 7.000000e+00
 1.400000e+01 2.800000e+01 7.000000e+01 1.400000e+01

new eps = 4.000000e-15
Матрица ступенчатого вида:
  1.000000e+00  2.000000e+00  5.000000e+00  1.000000e+00
 -0.000000e+00  1.000000e+00  2.500000e+00  5.000000e-01
  0.000000e+00  0.000000e+00  4.135903e-25  0.000000e+00
Ранг матрицы: 2

----------------

-------------------------------------------------
ТЕСТ НА ОПРЕДЕЛИТЕЛЬ МАТРИЦЫ

Исходная матрица:
 1.000000e+00 2.000000e+00 3.000000e+00
 2.000000e+00 2.000000e+00 0.000000e+00
 0.000000e+00 2.000000e+00 0.000000e+00

new eps = 3.000000e-15
Определитель матрицы: 12

Матрица ступенчатого вида:
 1.000000e+00 2.000000e+00 3.000000e+00
 0.000000e+00 1.000000e+00 3.000000e+00
 0.000000e+00 0.000000e+00 1.000000e+00
----------------

Исходная матрица:
 1.000000e-15 2.000000e-15 3.000000e-15
 2.000000e-15 2.000000e-15 0.000000e+00
 0.000000e+00 2.000000e-15 0.000000e+00

new eps = 3.000000e-15
Определитель матрицы: 1.2e-44

Матрица ступенчатого вида:
 1.000000e+00 2.000000e+00 3.000000e+00
 0.000000e+00 1.000000e+00 3.000000e+00
 0.000000e+00 0.000000e+00 1.000000e+00
----------------

Исходная матрица:
 1.000000e-30 2.000000e-30 3.000000e-30
 2.000000e-30 2.000000e-30 0.000000e+00
 0.000000e+00 2.000000e-30 0.000000e+00

new eps = 3.000000e-15
Определитель матрицы: 1.2e-89

Матрица ступенчатого вида:
 1.000000e+00 2.000000e+00 3.000000e+00
 0.000000e+00 1.000000e+00 3.000000e+00
 0.000000e+00 0.000000e+00 1.000000e+00
----------------

Исходная матрица:
 1.000000e+00 1.000000e+00 1.000000e+00 1.000000e+00
 1.000000e+00 2.000000e+00 3.000000e+00 4.000000e+00
 1.000000e+00 3.000000e+00 6.000000e+00 1.000000e+01
 1.000000e+00 4.000000e+00 1.000000e+01 2.000000e+01

new eps = 4.000000e-15
Определитель матрицы: 1

Матрица ступенчатого вида:
 1.000000e+00 1.000000e+00 1.000000e+00 1.000000e+00
 0.000000e+00 1.000000e+00 2.000000e+00 3.000000e+00
 0.000000e+00 0.000000e+00 1.000000e+00 3.000000e+00
 0.000000e+00 0.000000e+00 0.000000e+00 1.000000e+00
----------------

Исходная матрица:
 7.777000e+03 7.777000e+03 7.778000e+03
 7.777000e+03 7.776000e+03 7.776000e+03
 7.776000e+03 7.776000e+03 7.775000e+03

new eps = 3.000000e-15
Определитель матрицы: 15553

Матрица ступенчатого вида:
 1.000000e+00 1.000000e+00 1.000129e+00
 0.000000e+00 1.000000e+00 2.000000e+00
 0.000000e+00 0.000000e+00 1.000000e+00
----------------

Исходная матрица:
 9.999900e+04 9.999900e+04 9.999800e+04
 9.999900e+04 9.999800e+04 9.999800e+04
 9.999800e+04 9.999800e+04 9.999700e+04

new eps = 3.000000e-15
Определитель матрицы: 1

Матрица ступенчатого вида:
 1.000000e+00 1.000000e+00 9.999900e-01
 0.000000e+00 1.000000e+00 0.000000e+00
 0.000000e+00 0.000000e+00 1.000000e+00
----------------

-------------------------------------------------
ТЕСТ НА РЕШЕНИЕ СЛУ

Исходная матрица:
 1.000000e+00 1.000000e+00 1.000000e+00 1.000000e+00 |  1.000000e+01
 1.000000e+00 9.900000e+00 9.980000e+01 9.997000e+02 |  4.319000e+03
 1.000000e+00 9.980000e+01 9.999900e+03 9.999998e+05 |  4.030200e+06
 1.000000e+00 9.997000e+02 9.999998e+05 1.000000e+09 |  4.003002e+09

new eps = 5.000000e-15
Матрица ступенчатого вида:
 1.000000e+00 1.000000e+00 1.000000e+00 1.000000e+00 |  1.000000e+01
 0.000000e+00 1.000000e+00 1.110112e+01 1.122135e+02 |  4.841573e+02
 0.000000e+00 0.000000e+00 1.000000e+00 1.110874e+02 |  4.473496e+02
 0.000000e+00 0.000000e+00 0.000000e+00 1.000000e+00 |  4.000000e+00

Решение: 
1.000000 2.000000 3.000000 4.000000 
----------------

-------------------------------------------------
ТЕСТ НА НАХОЖДЕНИЕ ОБРАТНОЙ МАТРИЦЫ

Исходная матрица:
 1.000000e+00 1.000000e+00 1.000000e+00 1.000000e+00
 1.000000e+00 2.000000e+00 3.000000e+00 4.000000e+00
 1.000000e+00 3.000000e+00 6.000000e+00 1.000000e+01
 1.000000e+00 4.000000e+00 1.000000e+01 2.000000e+01

new eps = 4.000000e-15
Обратная матрица:
  4.000000e+00 -6.000000e+00  4.000000e+00 -1.000000e+00
 -6.000000e+00  1.400000e+01 -1.100000e+01  3.000000e+00
  4.000000e+00 -1.100000e+01  1.000000e+01 -3.000000e+00
 -1.000000e+00  3.000000e+00 -3.000000e+00  1.000000e+00

Исходная матрица:
 1.000000e+01 7.000000e+00 8.000000e+00 7.000000e+00
 7.000000e+00 5.000000e+00 6.000000e+00 5.000000e+00
 8.000000e+00 6.000000e+00 1.000000e+01 9.000000e+00
 7.000000e+00 5.000000e+00 9.000000e+00 1.000000e+01

new eps = 4.000000e-15
Обратная матрица:
  2.500000e+01 -4.100000e+01  1.000000e+01 -6.000000e+00
 -4.100000e+01  6.800000e+01 -1.700000e+01  1.000000e+01
  1.000000e+01 -1.700000e+01  5.000000e+00 -3.000000e+00
 -6.000000e+00  1.000000e+01 -3.000000e+00  2.000000e+00

Исходная матрица:
 9.900000e+01 9.900000e+01 9.900000e+01 9.800000e+01
 9.900000e+01 9.900000e+01 9.800000e+01 9.900000e+01
 9.900000e+01 9.800000e+01 9.700000e+01 9.900000e+01
 9.800000e+01 9.900000e+01 9.900000e+01 9.700000e+01

new eps = 4.000000e-15
Обратная матрица:
 -9.700000e+01 -9.900000e+01  9.900000e+01  9.800000e+01
 -9.900000e+01 -9.700000e+01  9.800000e+01  9.900000e+01
  9.900000e+01  9.800000e+01 -9.900000e+01 -9.900000e+01
  9.800000e+01  9.900000e+01 -9.900000e+01 -9.900000e+01

Исходная матрица:
 7.777000e+03 7.777000e+03 7.778000e+03
 7.777000e+03 7.776000e+03 7.776000e+03
 7.776000e+03 7.776000e+03 7.775000e+03

new eps = 3.000000e-15
Обратная матрица:
 -4.999679e-01  1.000000e+00 -4.999679e-01
  6.429628e-05 -1.000000e+00  1.000064e+00
  4.999679e-01 -0.000000e+00 -5.000321e-01

Исходная матрица:
 9.999900e+04 9.999900e+04 9.999800e+04
 9.999900e+04 9.999800e+04 9.999800e+04
 9.999800e+04 9.999800e+04 9.999700e+04

new eps = 3.000000e-15
Обратная матрица:
 -9.999783e+04  1.000000e+00  9.999783e+04
  1.000000e+00 -1.000000e+00 -0.000000e+00
  9.999783e+04 -0.000000e+00 -9.999883e+04

-------------------------------------------------
ПРОЧИЕ ТЕСТЫ
ТЕСТ 1
 3.000000e+00 2.000000e+00 2.000000e+00 2.000000e+00 2.000000e+00
 2.000000e+00 3.000000e+00 2.000000e+00 2.000000e+00 2.000000e+00
 2.000000e+00 2.000000e+00 3.000000e+00 2.000000e+00 2.000000e+00
 2.000000e+00 2.000000e+00 2.000000e+00 3.000000e+00 2.000000e+00
 2.000000e+00 2.000000e+00 2.000000e+00 2.000000e+00 2.000000e+00
new eps = 5.000000e-15
det = 2.000000e+00, true det (== d(c - d)^{n - 1}) = 2.000000e+00

ТЕСТ 2
Изначальная матрица: 
  0.000000e+00  0.000000e+00  0.000000e+00 -1.000000e+00  1.000000e+00
  0.000000e+00  0.000000e+00 -1.000000e+00  1.000000e+00  0.000000e+00
  0.000000e+00 -1.000000e+00  1.000000e+00  0.000000e+00  0.000000e+00
 -1.000000e+00  1.000000e+00  0.000000e+00  0.000000e+00  0.000000e+00
  1.000000e+00  0.000000e+00  0.000000e+00  0.000000e+00  0.000000e+00
Обратная матрица: 
new eps = 5.000000e-15
 0.000000e+00 0.000000e+00 0.000000e+00 0.000000e+00 1.000000e+00
 0.000000e+00 0.000000e+00 0.000000e+00 1.000000e+00 1.000000e+00
 0.000000e+00 0.000000e+00 1.000000e+00 1.000000e+00 1.000000e+00
 0.000000e+00 1.000000e+00 1.000000e+00 1.000000e+00 1.000000e+00
 1.000000e+00 1.000000e+00 1.000000e+00 1.000000e+00 1.000000e+00
Правильно: a_{ij}^-1 = 1 if i + j geq n - 1; else 0


ТЕСТ 3
Изначальная матрица Гильберта: 
 1.000000e+00 5.000000e-01 3.333333e-01 2.500000e-01 2.000000e-01
 5.000000e-01 3.333333e-01 2.500000e-01 2.000000e-01 1.666667e-01
 3.333333e-01 2.500000e-01 2.000000e-01 1.666667e-01 1.428571e-01
 2.500000e-01 2.000000e-01 1.666667e-01 1.428571e-01 1.250000e-01
 2.000000e-01 1.666667e-01 1.428571e-01 1.250000e-01 1.111111e-01
new eps = 5.000000e-15
Ступенчатый вид матрицы: 
 1.000000e+00 0.000000e+00 0.000000e+00 0.000000e+00 0.000000e+00
 0.000000e+00 1.000000e+00 0.000000e+00 0.000000e+00 0.000000e+00
 0.000000e+00 0.000000e+00 1.000000e+00 0.000000e+00 0.000000e+00
 0.000000e+00 0.000000e+00 0.000000e+00 1.000000e+00 0.000000e+00
 0.000000e+00 0.000000e+00 0.000000e+00 0.000000e+00 1.000000e+00
Обратная матрица: 
  2.500000e+01 -3.000000e+02  1.050000e+03 -1.400000e+03  6.300000e+02
 -3.000000e+02  4.800000e+03 -1.890000e+04  2.688000e+04 -1.260000e+04
  1.050000e+03 -1.890000e+04  7.938000e+04 -1.176000e+05  5.670000e+04
 -1.400000e+03  2.688000e+04 -1.176000e+05  1.792000e+05 -8.820000e+04
  6.300000e+02 -1.260000e+04  5.670000e+04 -8.820000e+04  4.410000e+04
new eps = 5.000000e-15
det = 3.749295e-12, rk = 5
